0.157
0.224
0.455
0.6
1.297
1.34
2.302
1.198
1.404
1.628
2.279
2.207
5.889
4.414
4.434
2.911
4.335
9.071
8.87
7.338
9.073
15.063
13.24
10.643
25.812
29.512
18.003
25.674
18.214
21.179
33.533
24.172
26.283
29.83
60.19
24.731
37.282
52.666
81.537
81.092
94.551
35.053
60.729
113.478
60.021
78.632
70.585
85.655
82.013
115.693
88.15
146.044
107.007
77.781
170.431
214.529
185.628
183.933
140.17
186.361
172.052
129.874
185.816
152.737
232.459
246.332
263.366
157.845
361.805
315.59
315.2
217.474
237.698
267.388
634.583
214.676
449.692
297.447
382.546
346.512
236.594
450.54
298.214
722.058
741.441
380.406
728.555
641.236
481.48
657.638
428.136
356.539
413.247
422.233
458.458
413.705
565.178
627.794
497.861
544.081
