0.263
0.883
1.421
2.445
7.812
5.794
16.049
22.969
23.817
28.144
98.223
114.942
121.446
300.841
341.41
294.247
325.5
543.911
398.136
479.15
1218.33
713.676
2133.36
1043.7
1625.34
1481.81
2226.99
3046.59
2443.5
2324.62
5660.75
2278.7
3878.21
3534.17
8313.06
5009.8
6809.72
8054.51
10551.5
7196.5
9132.91
6155.1
10124.9
17553.1
13333.6
9260.93
15646.4
11272.2
13690.2
15896.2
20719.2
19721.2
18021.6
22678.1
18985.6
28063.3
31034.3
24236.9
43601.8
27109.9
29688
34148.1
55749.5
65187.2
35636.2
49003
89232.4
75802.3
76925
50037.7
92500
56941.8
68480
88066
103594
94599.7
85643.7
106066
107030
75980.9
84531.8
87338.9
97342
122313
141381
108939
111069
192111
127441
163042
105156
109115
185600
248772
274623
135413
338468
181003
260213
332264
