0.087
0.236
0.408
0.708
1.829
1.366
2.8
1.986
6.094
6.902
12.828
12.742
23.637
24.257
56.957
33.248
94.257
118.3
61.979
60.468
117.552
82.548
242.333
240.386
298.027
301.093
352.32
273.259
414.68
583.926
997.365
388.862
677.539
1504.54
1800.47
614.295
2338.68
1200.63
2311.37
996.203
1367.68
2059.96
2133.66
1867.69
2919
2988.68
1370.57
2500.88
2487.53
3780.65
2073.64
4095.11
6661.58
3661.02
5660.17
6290.28
10096.8
6636.75
7471.01
5862.62
7643.34
6152.02
17686.6
7232.58
10126.2
7406.91
8756.28
7972.03
16520.4
6638.06
12965.7
8040.96
14550.1
13583.8
11581.4
19456.6
26717
13053
24727.6
15081.6
18651.3
18272.7
28788
30415.1
38729.7
18188.6
37630.4
16088
28573.4
68420.1
24503.1
46354.3
56096
25075.2
38583.6
21040.3
53435.7
61849.7
50712.5
29276.4
