0.339
0.576
1.212
0.605
1.255
1.242
2.199
2.09
3.362
3.693
9.141
5.788
6.567
7.848
9.262
8.103
32.934
17.873
11.708
12.48
20.6
15.446
48.263
22.494
27.49
29.171
56.075
41.639
34.711
58.34
37.522
34.063
44.202
91.454
128.487
49.608
51.791
105.643
74.751
80.354
135.318
87.855
128.643
171.312
179.484
207.585
236.736
140.7
146.581
100.286
101.316
113.964
227.392
163.939
186.524
145.142
279.186
175.934
190.863
229.336
220.613
219.303
334.984
226.809
232.329
268.009
452.169
227.422
320.655
295.315
399.05
744.359
452.443
517.226
582.951
634.11
444.881
565.472
899.259
642.038
624.291
467.511
470.807
554.42
749.283
423.462
638.374
778.475
1186.32
742.291
894.032
889.454
678.166
1232.13
785.915
860.72
1373.15
1386.04
1633.09
880.634
