0
0
0
0
0
0
0
0
0
0
0
0
0
0
0
0
0
0
0
0
0
0
0
0
0
0
0
0
0
0
0
0
0
0
0
0
0
0
0
0
0
0
0
0
0
0
0
0
0
0
0
0
0
0
0
0
0
0
0
0
0
0
0
0
0
0
0
0
0
0
0
0
0
0
0
0
0
0
0
0
0
0
0
0
0
0
0
0
0
0
0
0
0
0
0
0
0
0
0
0
0
0
0
0
0
0
0
0
0
0
0
0
0
0
0
0
0
0
0
0
0
0
0
0
0
0
0
0
0
0
0
0
1
0
0
0
0
0
1
0
0
0
0
0
0
0
0
0
0
1
0
2
6
1
1
1
4
0
4
4
3
4
3
7
9
4
16
11
7
12
12
12
7
9
24
2
19
20
17
20
19
15
33
17
23
11
15
19
31
15
29
41
17
30
31
43
31
28
31
24
23
56
43
42
53
48
36
66
64
65
59
65
57
66
66
90
77
66
86
76
99
100
83
101
68
78
105
99
100
143
96
113
158
129
127
155
110
139
189
100
166
125
168
146
193
199
225
194
197
263
243
183
194
243
255
264
281
255
196
281
247
305
342
297
277
296
396
378
391
365
352
354
406
388
535
443
406
432
457
383
501
489
482
578
532
523
446
572
604
548
713
604
648
675
516
508
507
526
640
636
