3.186
2.516
2.455
4.335
5.993
7.132
7.912
7.746
9.531
10.166
11.75
11.616
14.073
13.852
16.058
15.769
17.838
17.952
19.383
19.408
21.557
21.079
23.555
23.905
25.308
25.329
26.567
27.421
29.066
30.19
30.929
30.987
33.518
32.919
34.302
35.129
36.618
37.428
39.496
38.509
40.179
39.468
42.348
42.583
45.909
44.597
48.702
52.122
49.699
53.518
52.281
50.827
54.837
55.074
57.322
56.018
59.031
59.893
62.286
63.233
62.277
63.996
65.84
66.457
70.867
70.517
70.075
76.242
74.759
79.434
77.888
76.253
83.837
79.727
88.649
91.648
94.742
97.425
92.587
100.686
114.075
104.317
117.157
111.273
105.883
120.472
118.514
115.193
129.489
114.368
163.409
136.738
166.944
145.426
138.627
156.184
135.962
175.559
157.154
153.914
171.128
184.948
180.219
184.04
179.62
196.813
198.624
199.647
297.521
262.563
239.204
207.718
322.945
282.032
281.905
290.582
302.966
292.493
258.001
383.846
326.425
366.619
400.993
304.222
335.029
705.893
525.589
356.996
371.861
300.347
753.398
402.996
664.475
708.777
417.421
440.002
376.381
809.74
883.588
657.304
769.942
570.558
625.873
532.118
459.343
591.091
902.653
878.701
1072.28
906.94
856.904
598.385
784.83
1341.54
1312.72
1031.16
1233.62
1498.57
1031.63
1271.42
1273.01
852.936
1512.07
1625.15
1853.88
1769.99
1095.38
1137.44
1033.57
964.717
1639.25
1593.9
2834.19
3406.76
1324.89
3637.38
1292.8
1154.5
2654.74
1288.45
1741.39
3236.96
2487.84
1436.37
2504.31
2953.01
2472.42
3126.46
2402.69
1543.52
2271.47
2752.6
2252.73
2493.16
1645.17
3022.89
2342.79
4275.05
1853.7
2349.72
1787.34
4112.91
4299.51
6005.95
2368.25
3224.49
2925.87
3217.4
2608.07
3426.49
2976.2
3542.46
3035.29
3170.24
2836.94
3552.46
4596.55
2137.29
3724.4
6021.21
2963.66
2694.36
3803.65
2971.22
2319.45
7975.06
3442.69
3031.03
2698.28
2979.24
5271.35
3231
3518.66
3216.11
3424.2
2894.27
3113
9199.92
5266.67
3488.23
4488.75
6096.12
4152.01
10179.1
3879.79
4010.91
2850.31
5381.28
7740.37
5329.01
5780.17
6725.2
7840.37
5525.79
5540.89
5654.51
3474.17
5979.49
8373.89
6594.76
7169.98
8174.95
9572.7
5278.58
4261.91
7780.01
6715.43
8811.53
4055.5
4613.56
3837.13
7165.96
11268.4
6273.02
3948.57
4240.81
5770.95
11586.7
9866.95
5015.87
5694.43
5027.18
9720.19
5005.15
4939.66
5956.44
8009.44
5051.82
8421.85
4898.69
5736.78
4125.72
5724.97
9907.19
4079.75
12555.7
7056.56
4226.23
14340.4
5003.31
