0.263
0.883
1.421
2.445
7.812
5.794
16.049
22.969
23.817
28.144
98.223
114.942
121.446
300.841
341.41
294.247
325.5
543.911
398.136
479.15
1218.33
713.676
2133.36
1043.7
1625.34
1481.81
2226.99
3046.59
2443.5
2324.62
5660.75
2278.7
3878.21
3534.17
8313.06
5009.8
6809.72
8054.51
10551.5
7196.5
9132.91
6155.1
10124.9
17553.1
13333.6
9260.93
15646.4
11272.2
13690.2
15896.2
20719.2
19721.2
18021.6
22678.1
18985.6
28063.3
31034.3
24236.9
43601.8
27109.9
29688
34148.1
55749.5
65187.2
35636.2
49003
89232.4
75802.3
76925
50037.7
92500
56941.8
68480
88066
103594
94599.7
85643.7
106066
107030
75980.9
84531.8
87338.9
97342
122313
141381
108939
111069
192111
127441
163042
105156
109115
185600
248772
274623
135413
338468
181003
260213
332264
9.636
4.325
3.193
6.9
10.647
14.445
20.748
21.683
27.728
26.774
32.984
32.439
38.79
38.451
44.56
44.551
50.276
50.455
55.478
55.522
61.536
61.723
65.767
65.962
71.899
71.157
79.065
82.022
82.754
82.08
85.619
85.944
91.02
92.487
96.877
95.66
102.434
102.855
108.856
108.956
113.325
113.181
115.771
113.752
119.157
121.21
125.508
130.651
126.368
129.535
135.012
135.007
137.994
137.054
140.527
152.517
149.485
150.06
154.17
155.103
157.336
158.169
166.808
164.195
166.308
162.856
172.314
167.157
176.362
175.674
179.915
181.301
182.584
184.712
196.989
193.258
194.905
196.05
203.556
209.018
203.887
201.072
206.899
211.484
216.764
211.451
216.999
215.889
222.384
223.228
222.24
226.328
230.036
241.041
236.506
234.533
237.238
240.503
256.449
247.989
252.587
248.48
257.027
258.247
259.263
260.429
270.681
267.39
267.846
275.358
280.205
277.577
281.488
281.866
294.509
290.489
294.132
291.961
300.887
293.752
300.869
307.176
316.05
308.943
309.305
313.038
322.874
325.446
332.797
331.605
335.102
332.243
334.554
339.058
334.136
334.261
352.388
341.542
343.782
348.93
352.951
350.779
365.531
362.41
385.941
368.826
375.117
376.09
393.678
385.022
385.895
398.466
407.103
390.068
414.478
418.598
417.995
414.259
414.662
413.107
417.966
424.184
443.825
484.848
434.945
454.976
460.091
447.425
456.733
429.999
441.5
456.12
479.596
457.42
482.552
463.527
478.51
490.982
538.31
499.475
539.685
522.766
526.53
530.807
656.007
522.647
550.973
557.991
544.803
586.956
579.684
594.283
593.6
570.534
670.668
541.74
589.889
601.803
615.41
664.541
605.488
685.982
712.155
702.174
691.14
650.81
658.211
669.328
712
809.6
877.962
777.966
768.791
786.853
836.692
751.964
888.51
858.155
1072.08
916.012
917.133
840.882
1166.38
813.065
1090.98
1071.06
904.752
902.839
944.795
1002.85
1097.92
1351.95
1033.71
1068.66
1132.39
1073.73
1119.62
1186.31
1032.65
1152.96
1226.58
1203.29
1163.52
1208.75
1302.95
1229.53
1407.13
1311.11
1240.54
1178.72
2240.35
1310.44
1462.23
1647.82
1689.15
1581.47
1633.38
1403.84
1439.49
1633.84
2431.12
1410.08
1426.09
2143.9
2321.25
1740.36
1571.2
1618.34
1826.72
1562.28
2353.13
1785.01
1590.85
1907.99
1656.82
2144.24
2262.64
2801.34
2902.72
2182.55
3152.77
2528.43
2189
2178
2660.51
1887.98
3909.93
2667.09
3659.59
2593.32
2589.14
4942.41
3090.88
3282.58
5477.72
3830.8
2412.44
3270.63
3394.13
3062.28
