0.248
0.796
1.94
2.983
2.756
3.451
16.683
12.691
25.37
28.634
52.399
59.442
77.394
127.596
195.46
219.329
445.575
385.234
367.29
338.466
768.015
534.415
821.398
615.805
1550.45
1024.42
1645.9
1655.64
2540.87
2355.65
1925.74
1455.18
2742.67
2884.53
2207.52
2820.99
3031.26
4950.39
10629.2
5563.8
9086.37
10734.2
5683.74
12373.2
6502.06
12307.4
7499.52
5645.74
18342.3
19085.3
11074.9
10179
13560.4
12234.3
22592.9
10410.3
23810.2
32380.1
15862.6
20284.6
16528.5
28389.1
21704.3
28203.4
62037.1
20012.4
42383.4
49121.5
55920.5
68727.6
64265.1
50859.7
59049.7
74443.1
52534.5
56131.8
45252.4
62662.6
93874.6
200403
109463
46111.9
85469.8
75978.4
159266
105535
93650.2
84433
132520
110045
77664.7
74725.8
103317
117194
95282.3
128678
313337
122257
143528
119995
