0.155
0.22
0.514
0.603
1.172
1.609
3.048
3.094
1.801
1.763
2.263
2.915
6.262
4.156
6.555
4.575
11.846
13.353
6.921
10.322
13.758
18.349
16.082
16.37
19.531
27.338
46.291
32.134
26.398
19.155
30.529
45.65
66.819
36.876
28.225
42.472
82.215
49.158
82.606
74.468
56.839
47.926
127.501
144.249
102.469
117.266
126.918
152.597
127.482
173.821
137.204
143.95
258.037
163.03
299.721
117.445
149.48
154.375
119.987
218.235
197.253
198.497
525.061
186.258
206.964
229.454
261.326
461.207
233.95
211.635
395.733
260.672
371.142
331.183
1109.63
436.415
589.915
469.18
425.845
910.599
458.537
336.633
548.128
1016.14
414.455
580.271
929.193
420.151
539.847
538.177
831.441
748.254
604.816
779.708
1088.24
1065.49
721.227
623.817
636.196
627.115
