1 1 1
1 1 10.0055
2 2 2
1 2 10.0055
2 1 12.7755
3 3 2
1 2 10.0055
2 3 12.7755
3 1 45.6199
4 4 3
1 2 10.0055
2 3 12.7755
3 4 45.6199
4 1 3.60451
5 5 3
1 2 10.0055
2 3 12.7755
3 4 45.6199
4 5 3.60451
5 1 43.4852
6 6 3
1 2 10.0055
2 3 12.7755
3 4 45.6199
4 5 3.60451
5 6 43.4852
6 1 38.1469
7 7 7
1 2 10.0055
2 3 12.7755
3 4 45.6199
4 5 3.60451
5 6 43.4852
6 7 38.1469
7 1 16.1148
8 8 4
1 2 10.0055
2 3 12.7755
3 4 45.6199
4 5 3.60451
5 6 43.4852
6 7 38.1469
7 8 16.1148
8 1 25.4208
9 9 9
1 2 10.0055
2 3 12.7755
3 4 45.6199
4 5 3.60451
5 6 43.4852
6 7 38.1469
7 8 16.1148
8 9 25.4208
9 1 4.11705
10 10 3
1 2 10.0055
2 3 12.7755
3 4 45.6199
4 5 3.60451
5 6 43.4852
6 7 38.1469
7 8 16.1148
8 9 25.4208
9 10 4.11705
10 1 26.7182
11 11 5
1 2 10.0055
2 3 12.7755
3 4 45.6199
4 5 3.60451
5 6 43.4852
6 7 38.1469
7 8 16.1148
8 9 25.4208
9 10 4.11705
10 11 26.7182
11 1 44.5212
12 12 7
1 2 10.0055
2 3 12.7755
3 4 45.6199
4 5 3.60451
5 6 43.4852
6 7 38.1469
7 8 16.1148
8 9 25.4208
9 10 4.11705
10 11 26.7182
11 12 44.5212
12 1 8.66424
13 13 2
1 2 10.0055
2 3 12.7755
3 4 45.6199
4 5 3.60451
5 6 43.4852
6 7 38.1469
7 8 16.1148
8 9 25.4208
9 10 4.11705
10 11 26.7182
11 12 44.5212
12 13 8.66424
13 1 11.216
14 14 6
1 2 10.0055
2 3 12.7755
3 4 45.6199
4 5 3.60451
5 6 43.4852
6 7 38.1469
7 8 16.1148
8 9 25.4208
9 10 4.11705
10 11 26.7182
11 12 44.5212
12 13 8.66424
13 14 11.216
14 1 20.3125
15 15 14
1 2 10.0055
2 3 12.7755
3 4 45.6199
4 5 3.60451
5 6 43.4852
6 7 38.1469
7 8 16.1148
8 9 25.4208
9 10 4.11705
10 11 26.7182
11 12 44.5212
12 13 8.66424
13 14 11.216
14 15 20.3125
15 1 17.1777
16 16 6
1 2 10.0055
2 3 12.7755
3 4 45.6199
4 5 3.60451
5 6 43.4852
6 7 38.1469
7 8 16.1148
8 9 25.4208
9 10 4.11705
10 11 26.7182
11 12 44.5212
12 13 8.66424
13 14 11.216
14 15 20.3125
15 16 17.1777
16 1 35.1761
17 17 16
1 2 10.0055
2 3 12.7755
3 4 45.6199
4 5 3.60451
5 6 43.4852
6 7 38.1469
7 8 16.1148
8 9 25.4208
9 10 4.11705
10 11 26.7182
11 12 44.5212
12 13 8.66424
13 14 11.216
14 15 20.3125
15 16 17.1777
16 17 35.1761
17 1 49.1802
18 18 3
1 2 10.0055
2 3 12.7755
3 4 45.6199
4 5 3.60451
5 6 43.4852
6 7 38.1469
7 8 16.1148
8 9 25.4208
9 10 4.11705
10 11 26.7182
11 12 44.5212
12 13 8.66424
13 14 11.216
14 15 20.3125
15 16 17.1777
16 17 35.1761
17 18 49.1802
18 1 12.6563
19 19 6
1 2 10.0055
2 3 12.7755
3 4 45.6199
4 5 3.60451
5 6 43.4852
6 7 38.1469
7 8 16.1148
8 9 25.4208
9 10 4.11705
10 11 26.7182
11 12 44.5212
12 13 8.66424
13 14 11.216
14 15 20.3125
15 16 17.1777
16 17 35.1761
17 18 49.1802
18 19 12.6563
19 1 46.414
20 20 16
1 2 10.0055
2 3 12.7755
3 4 45.6199
4 5 3.60451
5 6 43.4852
6 7 38.1469
7 8 16.1148
8 9 25.4208
9 10 4.11705
10 11 26.7182
11 12 44.5212
12 13 8.66424
13 14 11.216
14 15 20.3125
15 16 17.1777
16 17 35.1761
17 18 49.1802
18 19 12.6563
19 20 46.414
20 1 12.067
21 21 15
1 2 10.0055
2 3 12.7755
3 4 45.6199
4 5 3.60451
5 6 43.4852
6 7 38.1469
7 8 16.1148
8 9 25.4208
9 10 4.11705
10 11 26.7182
11 12 44.5212
12 13 8.66424
13 14 11.216
14 15 20.3125
15 16 17.1777
16 17 35.1761
17 18 49.1802
18 19 12.6563
19 20 46.414
20 21 12.067
21 1 6.48513
22 22 11
1 2 10.0055
2 3 12.7755
3 4 45.6199
4 5 3.60451
5 6 43.4852
6 7 38.1469
7 8 16.1148
8 9 25.4208
9 10 4.11705
10 11 26.7182
11 12 44.5212
12 13 8.66424
13 14 11.216
14 15 20.3125
15 16 17.1777
16 17 35.1761
17 18 49.1802
18 19 12.6563
19 20 46.414
20 21 12.067
21 22 6.48513
22 1 49.5419
23 23 8
1 2 10.0055
2 3 12.7755
3 4 45.6199
4 5 3.60451
5 6 43.4852
6 7 38.1469
7 8 16.1148
8 9 25.4208
9 10 4.11705
10 11 26.7182
11 12 44.5212
12 13 8.66424
13 14 11.216
14 15 20.3125
15 16 17.1777
16 17 35.1761
17 18 49.1802
18 19 12.6563
19 20 46.414
20 21 12.067
21 22 6.48513
22 23 49.5419
23 1 4.45537
24 24 3
1 2 10.0055
2 3 12.7755
3 4 45.6199
4 5 3.60451
5 6 43.4852
6 7 38.1469
7 8 16.1148
8 9 25.4208
9 10 4.11705
10 11 26.7182
11 12 44.5212
12 13 8.66424
13 14 11.216
14 15 20.3125
15 16 17.1777
16 17 35.1761
17 18 49.1802
18 19 12.6563
19 20 46.414
20 21 12.067
21 22 6.48513
22 23 49.5419
23 24 4.45537
24 1 21.3848
25 25 6
1 2 10.0055
2 3 12.7755
3 4 45.6199
4 5 3.60451
5 6 43.4852
6 7 38.1469
7 8 16.1148
8 9 25.4208
9 10 4.11705
10 11 26.7182
11 12 44.5212
12 13 8.66424
13 14 11.216
14 15 20.3125
15 16 17.1777
16 17 35.1761
17 18 49.1802
18 19 12.6563
19 20 46.414
20 21 12.067
21 22 6.48513
22 23 49.5419
23 24 4.45537
24 25 21.3848
25 1 5.00128
26 26 6
1 2 10.0055
2 3 12.7755
3 4 45.6199
4 5 3.60451
5 6 43.4852
6 7 38.1469
7 8 16.1148
8 9 25.4208
9 10 4.11705
10 11 26.7182
11 12 44.5212
12 13 8.66424
13 14 11.216
14 15 20.3125
15 16 17.1777
16 17 35.1761
17 18 49.1802
18 19 12.6563
19 20 46.414
20 21 12.067
21 22 6.48513
22 23 49.5419
23 24 4.45537
24 25 21.3848
25 26 5.00128
26 1 8.15869
27 27 26
1 2 10.0055
2 3 12.7755
3 4 45.6199
4 5 3.60451
5 6 43.4852
6 7 38.1469
7 8 16.1148
8 9 25.4208
9 10 4.11705
10 11 26.7182
11 12 44.5212
12 13 8.66424
13 14 11.216
14 15 20.3125
15 16 17.1777
16 17 35.1761
17 18 49.1802
18 19 12.6563
19 20 46.414
20 21 12.067
21 22 6.48513
22 23 49.5419
23 24 4.45537
24 25 21.3848
25 26 5.00128
26 27 8.15869
27 1 11.5454
28 28 24
1 2 10.0055
2 3 12.7755
3 4 45.6199
4 5 3.60451
5 6 43.4852
6 7 38.1469
7 8 16.1148
8 9 25.4208
9 10 4.11705
10 11 26.7182
11 12 44.5212
12 13 8.66424
13 14 11.216
14 15 20.3125
15 16 17.1777
16 17 35.1761
17 18 49.1802
18 19 12.6563
19 20 46.414
20 21 12.067
21 22 6.48513
22 23 49.5419
23 24 4.45537
24 25 21.3848
25 26 5.00128
26 27 8.15869
27 28 11.5454
28 1 12.831
29 29 7
1 2 10.0055
2 3 12.7755
3 4 45.6199
4 5 3.60451
5 6 43.4852
6 7 38.1469
7 8 16.1148
8 9 25.4208
9 10 4.11705
10 11 26.7182
11 12 44.5212
12 13 8.66424
13 14 11.216
14 15 20.3125
15 16 17.1777
16 17 35.1761
17 18 49.1802
18 19 12.6563
19 20 46.414
20 21 12.067
21 22 6.48513
22 23 49.5419
23 24 4.45537
24 25 21.3848
25 26 5.00128
26 27 8.15869
27 28 11.5454
28 29 12.831
29 1 22.153
30 30 4
1 2 10.0055
2 3 12.7755
3 4 45.6199
4 5 3.60451
5 6 43.4852
6 7 38.1469
7 8 16.1148
8 9 25.4208
9 10 4.11705
10 11 26.7182
11 12 44.5212
12 13 8.66424
13 14 11.216
14 15 20.3125
15 16 17.1777
16 17 35.1761
17 18 49.1802
18 19 12.6563
19 20 46.414
20 21 12.067
21 22 6.48513
22 23 49.5419
23 24 4.45537
24 25 21.3848
25 26 5.00128
26 27 8.15869
27 28 11.5454
28 29 12.831
29 30 22.153
30 1 36.3464
31 31 14
1 2 10.0055
2 3 12.7755
3 4 45.6199
4 5 3.60451
5 6 43.4852
6 7 38.1469
7 8 16.1148
8 9 25.4208
9 10 4.11705
10 11 26.7182
11 12 44.5212
12 13 8.66424
13 14 11.216
14 15 20.3125
15 16 17.1777
16 17 35.1761
17 18 49.1802
18 19 12.6563
19 20 46.414
20 21 12.067
21 22 6.48513
22 23 49.5419
23 24 4.45537
24 25 21.3848
25 26 5.00128
26 27 8.15869
27 28 11.5454
28 29 12.831
29 30 22.153
30 31 36.3464
31 1 10.4026
32 32 15
1 2 10.0055
2 3 12.7755
3 4 45.6199
4 5 3.60451
5 6 43.4852
6 7 38.1469
7 8 16.1148
8 9 25.4208
9 10 4.11705
10 11 26.7182
11 12 44.5212
12 13 8.66424
13 14 11.216
14 15 20.3125
15 16 17.1777
16 17 35.1761
17 18 49.1802
18 19 12.6563
19 20 46.414
20 21 12.067
21 22 6.48513
22 23 49.5419
23 24 4.45537
24 25 21.3848
25 26 5.00128
26 27 8.15869
27 28 11.5454
28 29 12.831
29 30 22.153
30 31 36.3464
31 32 10.4026
32 1 32.1586
33 33 27
1 2 10.0055
2 3 12.7755
3 4 45.6199
4 5 3.60451
5 6 43.4852
6 7 38.1469
7 8 16.1148
8 9 25.4208
9 10 4.11705
10 11 26.7182
11 12 44.5212
12 13 8.66424
13 14 11.216
14 15 20.3125
15 16 17.1777
16 17 35.1761
17 18 49.1802
18 19 12.6563
19 20 46.414
20 21 12.067
21 22 6.48513
22 23 49.5419
23 24 4.45537
24 25 21.3848
25 26 5.00128
26 27 8.15869
27 28 11.5454
28 29 12.831
29 30 22.153
30 31 36.3464
31 32 10.4026
32 33 32.1586
33 1 49.1219
34 34 11
1 2 10.0055
2 3 12.7755
3 4 45.6199
4 5 3.60451
5 6 43.4852
6 7 38.1469
7 8 16.1148
8 9 25.4208
9 10 4.11705
10 11 26.7182
11 12 44.5212
12 13 8.66424
13 14 11.216
14 15 20.3125
15 16 17.1777
16 17 35.1761
17 18 49.1802
18 19 12.6563
19 20 46.414
20 21 12.067
21 22 6.48513
22 23 49.5419
23 24 4.45537
24 25 21.3848
25 26 5.00128
26 27 8.15869
27 28 11.5454
28 29 12.831
29 30 22.153
30 31 36.3464
31 32 10.4026
32 33 32.1586
33 34 49.1219
34 1 6.02255
35 35 9
1 2 10.0055
2 3 12.7755
3 4 45.6199
4 5 3.60451
5 6 43.4852
6 7 38.1469
7 8 16.1148
8 9 25.4208
9 10 4.11705
10 11 26.7182
11 12 44.5212
12 13 8.66424
13 14 11.216
14 15 20.3125
15 16 17.1777
16 17 35.1761
17 18 49.1802
18 19 12.6563
19 20 46.414
20 21 12.067
21 22 6.48513
22 23 49.5419
23 24 4.45537
24 25 21.3848
25 26 5.00128
26 27 8.15869
27 28 11.5454
28 29 12.831
29 30 22.153
30 31 36.3464
31 32 10.4026
32 33 32.1586
33 34 49.1219
34 35 6.02255
35 1 35.7631
36 36 11
1 2 10.0055
2 3 12.7755
3 4 45.6199
4 5 3.60451
5 6 43.4852
6 7 38.1469
7 8 16.1148
8 9 25.4208
9 10 4.11705
10 11 26.7182
11 12 44.5212
12 13 8.66424
13 14 11.216
14 15 20.3125
15 16 17.1777
16 17 35.1761
17 18 49.1802
18 19 12.6563
19 20 46.414
20 21 12.067
21 22 6.48513
22 23 49.5419
23 24 4.45537
24 25 21.3848
25 26 5.00128
26 27 8.15869
27 28 11.5454
28 29 12.831
29 30 22.153
30 31 36.3464
31 32 10.4026
32 33 32.1586
33 34 49.1219
34 35 6.02255
35 36 35.7631
36 1 42.6071
37 37 36
1 2 10.0055
2 3 12.7755
3 4 45.6199
4 5 3.60451
5 6 43.4852
6 7 38.1469
7 8 16.1148
8 9 25.4208
9 10 4.11705
10 11 26.7182
11 12 44.5212
12 13 8.66424
13 14 11.216
14 15 20.3125
15 16 17.1777
16 17 35.1761
17 18 49.1802
18 19 12.6563
19 20 46.414
20 21 12.067
21 22 6.48513
22 23 49.5419
23 24 4.45537
24 25 21.3848
25 26 5.00128
26 27 8.15869
27 28 11.5454
28 29 12.831
29 30 22.153
30 31 36.3464
31 32 10.4026
32 33 32.1586
33 34 49.1219
34 35 6.02255
35 36 35.7631
36 37 42.6071
37 1 44.1695
38 38 33
1 2 10.0055
2 3 12.7755
3 4 45.6199
4 5 3.60451
5 6 43.4852
6 7 38.1469
7 8 16.1148
8 9 25.4208
9 10 4.11705
10 11 26.7182
11 12 44.5212
12 13 8.66424
13 14 11.216
14 15 20.3125
15 16 17.1777
16 17 35.1761
17 18 49.1802
18 19 12.6563
19 20 46.414
20 21 12.067
21 22 6.48513
22 23 49.5419
23 24 4.45537
24 25 21.3848
25 26 5.00128
26 27 8.15869
27 28 11.5454
28 29 12.831
29 30 22.153
30 31 36.3464
31 32 10.4026
32 33 32.1586
33 34 49.1219
34 35 6.02255
35 36 35.7631
36 37 42.6071
37 38 44.1695
38 1 1.87784
39 39 38
1 2 10.0055
2 3 12.7755
3 4 45.6199
4 5 3.60451
5 6 43.4852
6 7 38.1469
7 8 16.1148
8 9 25.4208
9 10 4.11705
10 11 26.7182
11 12 44.5212
12 13 8.66424
13 14 11.216
14 15 20.3125
15 16 17.1777
16 17 35.1761
17 18 49.1802
18 19 12.6563
19 20 46.414
20 21 12.067
21 22 6.48513
22 23 49.5419
23 24 4.45537
24 25 21.3848
25 26 5.00128
26 27 8.15869
27 28 11.5454
28 29 12.831
29 30 22.153
30 31 36.3464
31 32 10.4026
32 33 32.1586
33 34 49.1219
34 35 6.02255
35 36 35.7631
36 37 42.6071
37 38 44.1695
38 39 1.87784
39 1 18.0279
40 40 7
1 2 10.0055
2 3 12.7755
3 4 45.6199
4 5 3.60451
5 6 43.4852
6 7 38.1469
7 8 16.1148
8 9 25.4208
9 10 4.11705
10 11 26.7182
11 12 44.5212
12 13 8.66424
13 14 11.216
14 15 20.3125
15 16 17.1777
16 17 35.1761
17 18 49.1802
18 19 12.6563
19 20 46.414
20 21 12.067
21 22 6.48513
22 23 49.5419
23 24 4.45537
24 25 21.3848
25 26 5.00128
26 27 8.15869
27 28 11.5454
28 29 12.831
29 30 22.153
30 31 36.3464
31 32 10.4026
32 33 32.1586
33 34 49.1219
34 35 6.02255
35 36 35.7631
36 37 42.6071
37 38 44.1695
38 39 1.87784
39 40 18.0279
40 1 48.2865
41 41 13
1 2 10.0055
2 3 12.7755
3 4 45.6199
4 5 3.60451
5 6 43.4852
6 7 38.1469
7 8 16.1148
8 9 25.4208
9 10 4.11705
10 11 26.7182
11 12 44.5212
12 13 8.66424
13 14 11.216
14 15 20.3125
15 16 17.1777
16 17 35.1761
17 18 49.1802
18 19 12.6563
19 20 46.414
20 21 12.067
21 22 6.48513
22 23 49.5419
23 24 4.45537
24 25 21.3848
25 26 5.00128
26 27 8.15869
27 28 11.5454
28 29 12.831
29 30 22.153
30 31 36.3464
31 32 10.4026
32 33 32.1586
33 34 49.1219
34 35 6.02255
35 36 35.7631
36 37 42.6071
37 38 44.1695
38 39 1.87784
39 40 18.0279
40 41 48.2865
41 1 28.596
42 42 15
1 2 10.0055
2 3 12.7755
3 4 45.6199
4 5 3.60451
5 6 43.4852
6 7 38.1469
7 8 16.1148
8 9 25.4208
9 10 4.11705
10 11 26.7182
11 12 44.5212
12 13 8.66424
13 14 11.216
14 15 20.3125
15 16 17.1777
16 17 35.1761
17 18 49.1802
18 19 12.6563
19 20 46.414
20 21 12.067
21 22 6.48513
22 23 49.5419
23 24 4.45537
24 25 21.3848
25 26 5.00128
26 27 8.15869
27 28 11.5454
28 29 12.831
29 30 22.153
30 31 36.3464
31 32 10.4026
32 33 32.1586
33 34 49.1219
34 35 6.02255
35 36 35.7631
36 37 42.6071
37 38 44.1695
38 39 1.87784
39 40 18.0279
40 41 48.2865
41 42 28.596
42 1 12.5491
43 43 13
1 2 10.0055
2 3 12.7755
3 4 45.6199
4 5 3.60451
5 6 43.4852
6 7 38.1469
7 8 16.1148
8 9 25.4208
9 10 4.11705
10 11 26.7182
11 12 44.5212
12 13 8.66424
13 14 11.216
14 15 20.3125
15 16 17.1777
16 17 35.1761
17 18 49.1802
18 19 12.6563
19 20 46.414
20 21 12.067
21 22 6.48513
22 23 49.5419
23 24 4.45537
24 25 21.3848
25 26 5.00128
26 27 8.15869
27 28 11.5454
28 29 12.831
29 30 22.153
30 31 36.3464
31 32 10.4026
32 33 32.1586
33 34 49.1219
34 35 6.02255
35 36 35.7631
36 37 42.6071
37 38 44.1695
38 39 1.87784
39 40 18.0279
40 41 48.2865
41 42 28.596
42 43 12.5491
43 1 6.95076
44 44 7
1 2 10.0055
2 3 12.7755
3 4 45.6199
4 5 3.60451
5 6 43.4852
6 7 38.1469
7 8 16.1148
8 9 25.4208
9 10 4.11705
10 11 26.7182
11 12 44.5212
12 13 8.66424
13 14 11.216
14 15 20.3125
15 16 17.1777
16 17 35.1761
17 18 49.1802
18 19 12.6563
19 20 46.414
20 21 12.067
21 22 6.48513
22 23 49.5419
23 24 4.45537
24 25 21.3848
25 26 5.00128
26 27 8.15869
27 28 11.5454
28 29 12.831
29 30 22.153
30 31 36.3464
31 32 10.4026
32 33 32.1586
33 34 49.1219
34 35 6.02255
35 36 35.7631
36 37 42.6071
37 38 44.1695
38 39 1.87784
39 40 18.0279
40 41 48.2865
41 42 28.596
42 43 12.5491
43 44 6.95076
44 1 39.812
45 45 24
1 2 10.0055
2 3 12.7755
3 4 45.6199
4 5 3.60451
5 6 43.4852
6 7 38.1469
7 8 16.1148
8 9 25.4208
9 10 4.11705
10 11 26.7182
11 12 44.5212
12 13 8.66424
13 14 11.216
14 15 20.3125
15 16 17.1777
16 17 35.1761
17 18 49.1802
18 19 12.6563
19 20 46.414
20 21 12.067
21 22 6.48513
22 23 49.5419
23 24 4.45537
24 25 21.3848
25 26 5.00128
26 27 8.15869
27 28 11.5454
28 29 12.831
29 30 22.153
30 31 36.3464
31 32 10.4026
32 33 32.1586
33 34 49.1219
34 35 6.02255
35 36 35.7631
36 37 42.6071
37 38 44.1695
38 39 1.87784
39 40 18.0279
40 41 48.2865
41 42 28.596
42 43 12.5491
43 44 6.95076
44 45 39.812
45 1 32.8616
46 46 41
1 2 10.0055
2 3 12.7755
3 4 45.6199
4 5 3.60451
5 6 43.4852
6 7 38.1469
7 8 16.1148
8 9 25.4208
9 10 4.11705
10 11 26.7182
11 12 44.5212
12 13 8.66424
13 14 11.216
14 15 20.3125
15 16 17.1777
16 17 35.1761
17 18 49.1802
18 19 12.6563
19 20 46.414
20 21 12.067
21 22 6.48513
22 23 49.5419
23 24 4.45537
24 25 21.3848
25 26 5.00128
26 27 8.15869
27 28 11.5454
28 29 12.831
29 30 22.153
30 31 36.3464
31 32 10.4026
32 33 32.1586
33 34 49.1219
34 35 6.02255
35 36 35.7631
36 37 42.6071
37 38 44.1695
38 39 1.87784
39 40 18.0279
40 41 48.2865
41 42 28.596
42 43 12.5491
43 44 6.95076
44 45 39.812
45 46 32.8616
46 1 24.1285
47 47 28
1 2 10.0055
2 3 12.7755
3 4 45.6199
4 5 3.60451
5 6 43.4852
6 7 38.1469
7 8 16.1148
8 9 25.4208
9 10 4.11705
10 11 26.7182
11 12 44.5212
12 13 8.66424
13 14 11.216
14 15 20.3125
15 16 17.1777
16 17 35.1761
17 18 49.1802
18 19 12.6563
19 20 46.414
20 21 12.067
21 22 6.48513
22 23 49.5419
23 24 4.45537
24 25 21.3848
25 26 5.00128
26 27 8.15869
27 28 11.5454
28 29 12.831
29 30 22.153
30 31 36.3464
31 32 10.4026
32 33 32.1586
33 34 49.1219
34 35 6.02255
35 36 35.7631
36 37 42.6071
37 38 44.1695
38 39 1.87784
39 40 18.0279
40 41 48.2865
41 42 28.596
42 43 12.5491
43 44 6.95076
44 45 39.812
45 46 32.8616
46 47 24.1285
47 1 24.9881
48 48 32
1 2 10.0055
2 3 12.7755
3 4 45.6199
4 5 3.60451
5 6 43.4852
6 7 38.1469
7 8 16.1148
8 9 25.4208
9 10 4.11705
10 11 26.7182
11 12 44.5212
12 13 8.66424
13 14 11.216
14 15 20.3125
15 16 17.1777
16 17 35.1761
17 18 49.1802
18 19 12.6563
19 20 46.414
20 21 12.067
21 22 6.48513
22 23 49.5419
23 24 4.45537
24 25 21.3848
25 26 5.00128
26 27 8.15869
27 28 11.5454
28 29 12.831
29 30 22.153
30 31 36.3464
31 32 10.4026
32 33 32.1586
33 34 49.1219
34 35 6.02255
35 36 35.7631
36 37 42.6071
37 38 44.1695
38 39 1.87784
39 40 18.0279
40 41 48.2865
41 42 28.596
42 43 12.5491
43 44 6.95076
44 45 39.812
45 46 32.8616
46 47 24.1285
47 48 24.9881
48 1 32.0418
49 49 32
1 2 10.0055
2 3 12.7755
3 4 45.6199
4 5 3.60451
5 6 43.4852
6 7 38.1469
7 8 16.1148
8 9 25.4208
9 10 4.11705
10 11 26.7182
11 12 44.5212
12 13 8.66424
13 14 11.216
14 15 20.3125
15 16 17.1777
16 17 35.1761
17 18 49.1802
18 19 12.6563
19 20 46.414
20 21 12.067
21 22 6.48513
22 23 49.5419
23 24 4.45537
24 25 21.3848
25 26 5.00128
26 27 8.15869
27 28 11.5454
28 29 12.831
29 30 22.153
30 31 36.3464
31 32 10.4026
32 33 32.1586
33 34 49.1219
34 35 6.02255
35 36 35.7631
36 37 42.6071
37 38 44.1695
38 39 1.87784
39 40 18.0279
40 41 48.2865
41 42 28.596
42 43 12.5491
43 44 6.95076
44 45 39.812
45 46 32.8616
46 47 24.1285
47 48 24.9881
48 49 32.0418
49 1 36.7847
50 50 15
1 2 10.0055
2 3 12.7755
3 4 45.6199
4 5 3.60451
5 6 43.4852
6 7 38.1469
7 8 16.1148
8 9 25.4208
9 10 4.11705
10 11 26.7182
11 12 44.5212
12 13 8.66424
13 14 11.216
14 15 20.3125
15 16 17.1777
16 17 35.1761
17 18 49.1802
18 19 12.6563
19 20 46.414
20 21 12.067
21 22 6.48513
22 23 49.5419
23 24 4.45537
24 25 21.3848
25 26 5.00128
26 27 8.15869
27 28 11.5454
28 29 12.831
29 30 22.153
30 31 36.3464
31 32 10.4026
32 33 32.1586
33 34 49.1219
34 35 6.02255
35 36 35.7631
36 37 42.6071
37 38 44.1695
38 39 1.87784
39 40 18.0279
40 41 48.2865
41 42 28.596
42 43 12.5491
43 44 6.95076
44 45 39.812
45 46 32.8616
46 47 24.1285
47 48 24.9881
48 49 32.0418
49 50 36.7847
50 1 21.4021
51 51 27
1 2 10.0055
2 3 12.7755
3 4 45.6199
4 5 3.60451
5 6 43.4852
6 7 38.1469
7 8 16.1148
8 9 25.4208
9 10 4.11705
10 11 26.7182
11 12 44.5212
12 13 8.66424
13 14 11.216
14 15 20.3125
15 16 17.1777
16 17 35.1761
17 18 49.1802
18 19 12.6563
19 20 46.414
20 21 12.067
21 22 6.48513
22 23 49.5419
23 24 4.45537
24 25 21.3848
25 26 5.00128
26 27 8.15869
27 28 11.5454
28 29 12.831
29 30 22.153
30 31 36.3464
31 32 10.4026
32 33 32.1586
33 34 49.1219
34 35 6.02255
35 36 35.7631
36 37 42.6071
37 38 44.1695
38 39 1.87784
39 40 18.0279
40 41 48.2865
41 42 28.596
42 43 12.5491
43 44 6.95076
44 45 39.812
45 46 32.8616
46 47 24.1285
47 48 24.9881
48 49 32.0418
49 50 36.7847
50 51 21.4021
51 1 44.1087
52 52 2
1 2 10.0055
2 3 12.7755
3 4 45.6199
4 5 3.60451
5 6 43.4852
6 7 38.1469
7 8 16.1148
8 9 25.4208
9 10 4.11705
10 11 26.7182
11 12 44.5212
12 13 8.66424
13 14 11.216
14 15 20.3125
15 16 17.1777
16 17 35.1761
17 18 49.1802
18 19 12.6563
19 20 46.414
20 21 12.067
21 22 6.48513
22 23 49.5419
23 24 4.45537
24 25 21.3848
25 26 5.00128
26 27 8.15869
27 28 11.5454
28 29 12.831
29 30 22.153
30 31 36.3464
31 32 10.4026
32 33 32.1586
33 34 49.1219
34 35 6.02255
35 36 35.7631
36 37 42.6071
37 38 44.1695
38 39 1.87784
39 40 18.0279
40 41 48.2865
41 42 28.596
42 43 12.5491
43 44 6.95076
44 45 39.812
45 46 32.8616
46 47 24.1285
47 48 24.9881
48 49 32.0418
49 50 36.7847
50 51 21.4021
51 52 44.1087
52 1 43.2699
53 53 43
1 2 10.0055
2 3 12.7755
3 4 45.6199
4 5 3.60451
5 6 43.4852
6 7 38.1469
7 8 16.1148
8 9 25.4208
9 10 4.11705
10 11 26.7182
11 12 44.5212
12 13 8.66424
13 14 11.216
14 15 20.3125
15 16 17.1777
16 17 35.1761
17 18 49.1802
18 19 12.6563
19 20 46.414
20 21 12.067
21 22 6.48513
22 23 49.5419
23 24 4.45537
24 25 21.3848
25 26 5.00128
26 27 8.15869
27 28 11.5454
28 29 12.831
29 30 22.153
30 31 36.3464
31 32 10.4026
32 33 32.1586
33 34 49.1219
34 35 6.02255
35 36 35.7631
36 37 42.6071
37 38 44.1695
38 39 1.87784
39 40 18.0279
40 41 48.2865
41 42 28.596
42 43 12.5491
43 44 6.95076
44 45 39.812
45 46 32.8616
46 47 24.1285
47 48 24.9881
48 49 32.0418
49 50 36.7847
50 51 21.4021
51 52 44.1087
52 53 43.2699
53 1 20.9439
54 54 35
1 2 10.0055
2 3 12.7755
3 4 45.6199
4 5 3.60451
5 6 43.4852
6 7 38.1469
7 8 16.1148
8 9 25.4208
9 10 4.11705
10 11 26.7182
11 12 44.5212
12 13 8.66424
13 14 11.216
14 15 20.3125
15 16 17.1777
16 17 35.1761
17 18 49.1802
18 19 12.6563
19 20 46.414
20 21 12.067
21 22 6.48513
22 23 49.5419
23 24 4.45537
24 25 21.3848
25 26 5.00128
26 27 8.15869
27 28 11.5454
28 29 12.831
29 30 22.153
30 31 36.3464
31 32 10.4026
32 33 32.1586
33 34 49.1219
34 35 6.02255
35 36 35.7631
36 37 42.6071
37 38 44.1695
38 39 1.87784
39 40 18.0279
40 41 48.2865
41 42 28.596
42 43 12.5491
43 44 6.95076
44 45 39.812
45 46 32.8616
46 47 24.1285
47 48 24.9881
48 49 32.0418
49 50 36.7847
50 51 21.4021
51 52 44.1087
52 53 43.2699
53 54 20.9439
54 1 48.5641
55 55 10
1 2 10.0055
2 3 12.7755
3 4 45.6199
4 5 3.60451
5 6 43.4852
6 7 38.1469
7 8 16.1148
8 9 25.4208
9 10 4.11705
10 11 26.7182
11 12 44.5212
12 13 8.66424
13 14 11.216
14 15 20.3125
15 16 17.1777
16 17 35.1761
17 18 49.1802
18 19 12.6563
19 20 46.414
20 21 12.067
21 22 6.48513
22 23 49.5419
23 24 4.45537
24 25 21.3848
25 26 5.00128
26 27 8.15869
27 28 11.5454
28 29 12.831
29 30 22.153
30 31 36.3464
31 32 10.4026
32 33 32.1586
33 34 49.1219
34 35 6.02255
35 36 35.7631
36 37 42.6071
37 38 44.1695
38 39 1.87784
39 40 18.0279
40 41 48.2865
41 42 28.596
42 43 12.5491
43 44 6.95076
44 45 39.812
45 46 32.8616
46 47 24.1285
47 48 24.9881
48 49 32.0418
49 50 36.7847
50 51 21.4021
51 52 44.1087
52 53 43.2699
53 54 20.9439
54 55 48.5641
55 1 14.6547
56 56 35
1 2 10.0055
2 3 12.7755
3 4 45.6199
4 5 3.60451
5 6 43.4852
6 7 38.1469
7 8 16.1148
8 9 25.4208
9 10 4.11705
10 11 26.7182
11 12 44.5212
12 13 8.66424
13 14 11.216
14 15 20.3125
15 16 17.1777
16 17 35.1761
17 18 49.1802
18 19 12.6563
19 20 46.414
20 21 12.067
21 22 6.48513
22 23 49.5419
23 24 4.45537
24 25 21.3848
25 26 5.00128
26 27 8.15869
27 28 11.5454
28 29 12.831
29 30 22.153
30 31 36.3464
31 32 10.4026
32 33 32.1586
33 34 49.1219
34 35 6.02255
35 36 35.7631
36 37 42.6071
37 38 44.1695
38 39 1.87784
39 40 18.0279
40 41 48.2865
41 42 28.596
42 43 12.5491
43 44 6.95076
44 45 39.812
45 46 32.8616
46 47 24.1285
47 48 24.9881
48 49 32.0418
49 50 36.7847
50 51 21.4021
51 52 44.1087
52 53 43.2699
53 54 20.9439
54 55 48.5641
55 56 14.6547
56 1 25.9452
57 57 11
1 2 10.0055
2 3 12.7755
3 4 45.6199
4 5 3.60451
5 6 43.4852
6 7 38.1469
7 8 16.1148
8 9 25.4208
9 10 4.11705
10 11 26.7182
11 12 44.5212
12 13 8.66424
13 14 11.216
14 15 20.3125
15 16 17.1777
16 17 35.1761
17 18 49.1802
18 19 12.6563
19 20 46.414
20 21 12.067
21 22 6.48513
22 23 49.5419
23 24 4.45537
24 25 21.3848
25 26 5.00128
26 27 8.15869
27 28 11.5454
28 29 12.831
29 30 22.153
30 31 36.3464
31 32 10.4026
32 33 32.1586
33 34 49.1219
34 35 6.02255
35 36 35.7631
36 37 42.6071
37 38 44.1695
38 39 1.87784
39 40 18.0279
40 41 48.2865
41 42 28.596
42 43 12.5491
43 44 6.95076
44 45 39.812
45 46 32.8616
46 47 24.1285
47 48 24.9881
48 49 32.0418
49 50 36.7847
50 51 21.4021
51 52 44.1087
52 53 43.2699
53 54 20.9439
54 55 48.5641
55 56 14.6547
56 57 25.9452
57 1 6.7228
58 58 4
1 2 10.0055
2 3 12.7755
3 4 45.6199
4 5 3.60451
5 6 43.4852
6 7 38.1469
7 8 16.1148
8 9 25.4208
9 10 4.11705
10 11 26.7182
11 12 44.5212
12 13 8.66424
13 14 11.216
14 15 20.3125
15 16 17.1777
16 17 35.1761
17 18 49.1802
18 19 12.6563
19 20 46.414
20 21 12.067
21 22 6.48513
22 23 49.5419
23 24 4.45537
24 25 21.3848
25 26 5.00128
26 27 8.15869
27 28 11.5454
28 29 12.831
29 30 22.153
30 31 36.3464
31 32 10.4026
32 33 32.1586
33 34 49.1219
34 35 6.02255
35 36 35.7631
36 37 42.6071
37 38 44.1695
38 39 1.87784
39 40 18.0279
40 41 48.2865
41 42 28.596
42 43 12.5491
43 44 6.95076
44 45 39.812
45 46 32.8616
46 47 24.1285
47 48 24.9881
48 49 32.0418
49 50 36.7847
50 51 21.4021
51 52 44.1087
52 53 43.2699
53 54 20.9439
54 55 48.5641
55 56 14.6547
56 57 25.9452
57 58 6.7228
58 1 26.2001
59 59 52
1 2 10.0055
2 3 12.7755
3 4 45.6199
4 5 3.60451
5 6 43.4852
6 7 38.1469
7 8 16.1148
8 9 25.4208
9 10 4.11705
10 11 26.7182
11 12 44.5212
12 13 8.66424
13 14 11.216
14 15 20.3125
15 16 17.1777
16 17 35.1761
17 18 49.1802
18 19 12.6563
19 20 46.414
20 21 12.067
21 22 6.48513
22 23 49.5419
23 24 4.45537
24 25 21.3848
25 26 5.00128
26 27 8.15869
27 28 11.5454
28 29 12.831
29 30 22.153
30 31 36.3464
31 32 10.4026
32 33 32.1586
33 34 49.1219
34 35 6.02255
35 36 35.7631
36 37 42.6071
37 38 44.1695
38 39 1.87784
39 40 18.0279
40 41 48.2865
41 42 28.596
42 43 12.5491
43 44 6.95076
44 45 39.812
45 46 32.8616
46 47 24.1285
47 48 24.9881
48 49 32.0418
49 50 36.7847
50 51 21.4021
51 52 44.1087
52 53 43.2699
53 54 20.9439
54 55 48.5641
55 56 14.6547
56 57 25.9452
57 58 6.7228
58 59 26.2001
59 1 38.7762
60 60 5
1 2 10.0055
2 3 12.7755
3 4 45.6199
4 5 3.60451
5 6 43.4852
6 7 38.1469
7 8 16.1148
8 9 25.4208
9 10 4.11705
10 11 26.7182
11 12 44.5212
12 13 8.66424
13 14 11.216
14 15 20.3125
15 16 17.1777
16 17 35.1761
17 18 49.1802
18 19 12.6563
19 20 46.414
20 21 12.067
21 22 6.48513
22 23 49.5419
23 24 4.45537
24 25 21.3848
25 26 5.00128
26 27 8.15869
27 28 11.5454
28 29 12.831
29 30 22.153
30 31 36.3464
31 32 10.4026
32 33 32.1586
33 34 49.1219
34 35 6.02255
35 36 35.7631
36 37 42.6071
37 38 44.1695
38 39 1.87784
39 40 18.0279
40 41 48.2865
41 42 28.596
42 43 12.5491
43 44 6.95076
44 45 39.812
45 46 32.8616
46 47 24.1285
47 48 24.9881
48 49 32.0418
49 50 36.7847
50 51 21.4021
51 52 44.1087
52 53 43.2699
53 54 20.9439
54 55 48.5641
55 56 14.6547
56 57 25.9452
57 58 6.7228
58 59 26.2001
59 60 38.7762
60 1 28.8759
61 61 54
1 2 10.0055
2 3 12.7755
3 4 45.6199
4 5 3.60451
5 6 43.4852
6 7 38.1469
7 8 16.1148
8 9 25.4208
9 10 4.11705
10 11 26.7182
11 12 44.5212
12 13 8.66424
13 14 11.216
14 15 20.3125
15 16 17.1777
16 17 35.1761
17 18 49.1802
18 19 12.6563
19 20 46.414
20 21 12.067
21 22 6.48513
22 23 49.5419
23 24 4.45537
24 25 21.3848
25 26 5.00128
26 27 8.15869
27 28 11.5454
28 29 12.831
29 30 22.153
30 31 36.3464
31 32 10.4026
32 33 32.1586
33 34 49.1219
34 35 6.02255
35 36 35.7631
36 37 42.6071
37 38 44.1695
38 39 1.87784
39 40 18.0279
40 41 48.2865
41 42 28.596
42 43 12.5491
43 44 6.95076
44 45 39.812
45 46 32.8616
46 47 24.1285
47 48 24.9881
48 49 32.0418
49 50 36.7847
50 51 21.4021
51 52 44.1087
52 53 43.2699
53 54 20.9439
54 55 48.5641
55 56 14.6547
56 57 25.9452
57 58 6.7228
58 59 26.2001
59 60 38.7762
60 61 28.8759
61 1 12.5465
62 62 39
1 2 10.0055
2 3 12.7755
3 4 45.6199
4 5 3.60451
5 6 43.4852
6 7 38.1469
7 8 16.1148
8 9 25.4208
9 10 4.11705
10 11 26.7182
11 12 44.5212
12 13 8.66424
13 14 11.216
14 15 20.3125
15 16 17.1777
16 17 35.1761
17 18 49.1802
18 19 12.6563
19 20 46.414
20 21 12.067
21 22 6.48513
22 23 49.5419
23 24 4.45537
24 25 21.3848
25 26 5.00128
26 27 8.15869
27 28 11.5454
28 29 12.831
29 30 22.153
30 31 36.3464
31 32 10.4026
32 33 32.1586
33 34 49.1219
34 35 6.02255
35 36 35.7631
36 37 42.6071
37 38 44.1695
38 39 1.87784
39 40 18.0279
40 41 48.2865
41 42 28.596
42 43 12.5491
43 44 6.95076
44 45 39.812
45 46 32.8616
46 47 24.1285
47 48 24.9881
48 49 32.0418
49 50 36.7847
50 51 21.4021
51 52 44.1087
52 53 43.2699
53 54 20.9439
54 55 48.5641
55 56 14.6547
56 57 25.9452
57 58 6.7228
58 59 26.2001
59 60 38.7762
60 61 28.8759
61 62 12.5465
62 1 49.1788
63 63 13
1 2 10.0055
2 3 12.7755
3 4 45.6199
4 5 3.60451
5 6 43.4852
6 7 38.1469
7 8 16.1148
8 9 25.4208
9 10 4.11705
10 11 26.7182
11 12 44.5212
12 13 8.66424
13 14 11.216
14 15 20.3125
15 16 17.1777
16 17 35.1761
17 18 49.1802
18 19 12.6563
19 20 46.414
20 21 12.067
21 22 6.48513
22 23 49.5419
23 24 4.45537
24 25 21.3848
25 26 5.00128
26 27 8.15869
27 28 11.5454
28 29 12.831
29 30 22.153
30 31 36.3464
31 32 10.4026
32 33 32.1586
33 34 49.1219
34 35 6.02255
35 36 35.7631
36 37 42.6071
37 38 44.1695
38 39 1.87784
39 40 18.0279
40 41 48.2865
41 42 28.596
42 43 12.5491
43 44 6.95076
44 45 39.812
45 46 32.8616
46 47 24.1285
47 48 24.9881
48 49 32.0418
49 50 36.7847
50 51 21.4021
51 52 44.1087
52 53 43.2699
53 54 20.9439
54 55 48.5641
55 56 14.6547
56 57 25.9452
57 58 6.7228
58 59 26.2001
59 60 38.7762
60 61 28.8759
61 62 12.5465
62 63 49.1788
63 1 11.0344
64 64 10
1 2 10.0055
2 3 12.7755
3 4 45.6199
4 5 3.60451
5 6 43.4852
6 7 38.1469
7 8 16.1148
8 9 25.4208
9 10 4.11705
10 11 26.7182
11 12 44.5212
12 13 8.66424
13 14 11.216
14 15 20.3125
15 16 17.1777
16 17 35.1761
17 18 49.1802
18 19 12.6563
19 20 46.414
20 21 12.067
21 22 6.48513
22 23 49.5419
23 24 4.45537
24 25 21.3848
25 26 5.00128
26 27 8.15869
27 28 11.5454
28 29 12.831
29 30 22.153
30 31 36.3464
31 32 10.4026
32 33 32.1586
33 34 49.1219
34 35 6.02255
35 36 35.7631
36 37 42.6071
37 38 44.1695
38 39 1.87784
39 40 18.0279
40 41 48.2865
41 42 28.596
42 43 12.5491
43 44 6.95076
44 45 39.812
45 46 32.8616
46 47 24.1285
47 48 24.9881
48 49 32.0418
49 50 36.7847
50 51 21.4021
51 52 44.1087
52 53 43.2699
53 54 20.9439
54 55 48.5641
55 56 14.6547
56 57 25.9452
57 58 6.7228
58 59 26.2001
59 60 38.7762
60 61 28.8759
61 62 12.5465
62 63 49.1788
63 64 11.0344
64 1 11.6684
65 65 34
1 2 10.0055
2 3 12.7755
3 4 45.6199
4 5 3.60451
5 6 43.4852
6 7 38.1469
7 8 16.1148
8 9 25.4208
9 10 4.11705
10 11 26.7182
11 12 44.5212
12 13 8.66424
13 14 11.216
14 15 20.3125
15 16 17.1777
16 17 35.1761
17 18 49.1802
18 19 12.6563
19 20 46.414
20 21 12.067
21 22 6.48513
22 23 49.5419
23 24 4.45537
24 25 21.3848
25 26 5.00128
26 27 8.15869
27 28 11.5454
28 29 12.831
29 30 22.153
30 31 36.3464
31 32 10.4026
32 33 32.1586
33 34 49.1219
34 35 6.02255
35 36 35.7631
36 37 42.6071
37 38 44.1695
38 39 1.87784
39 40 18.0279
40 41 48.2865
41 42 28.596
42 43 12.5491
43 44 6.95076
44 45 39.812
45 46 32.8616
46 47 24.1285
47 48 24.9881
48 49 32.0418
49 50 36.7847
50 51 21.4021
51 52 44.1087
52 53 43.2699
53 54 20.9439
54 55 48.5641
55 56 14.6547
56 57 25.9452
57 58 6.7228
58 59 26.2001
59 60 38.7762
60 61 28.8759
61 62 12.5465
62 63 49.1788
63 64 11.0344
64 65 11.6684
65 1 5.20134
66 66 2
1 2 10.0055
2 3 12.7755
3 4 45.6199
4 5 3.60451
5 6 43.4852
6 7 38.1469
7 8 16.1148
8 9 25.4208
9 10 4.11705
10 11 26.7182
11 12 44.5212
12 13 8.66424
13 14 11.216
14 15 20.3125
15 16 17.1777
16 17 35.1761
17 18 49.1802
18 19 12.6563
19 20 46.414
20 21 12.067
21 22 6.48513
22 23 49.5419
23 24 4.45537
24 25 21.3848
25 26 5.00128
26 27 8.15869
27 28 11.5454
28 29 12.831
29 30 22.153
30 31 36.3464
31 32 10.4026
32 33 32.1586
33 34 49.1219
34 35 6.02255
35 36 35.7631
36 37 42.6071
37 38 44.1695
38 39 1.87784
39 40 18.0279
40 41 48.2865
41 42 28.596
42 43 12.5491
43 44 6.95076
44 45 39.812
45 46 32.8616
46 47 24.1285
47 48 24.9881
48 49 32.0418
49 50 36.7847
50 51 21.4021
51 52 44.1087
52 53 43.2699
53 54 20.9439
54 55 48.5641
55 56 14.6547
56 57 25.9452
57 58 6.7228
58 59 26.2001
59 60 38.7762
60 61 28.8759
61 62 12.5465
62 63 49.1788
63 64 11.0344
64 65 11.6684
65 66 5.20134
66 1 46.7975
67 67 37
1 2 10.0055
2 3 12.7755
3 4 45.6199
4 5 3.60451
5 6 43.4852
6 7 38.1469
7 8 16.1148
8 9 25.4208
9 10 4.11705
10 11 26.7182
11 12 44.5212
12 13 8.66424
13 14 11.216
14 15 20.3125
15 16 17.1777
16 17 35.1761
17 18 49.1802
18 19 12.6563
19 20 46.414
20 21 12.067
21 22 6.48513
22 23 49.5419
23 24 4.45537
24 25 21.3848
25 26 5.00128
26 27 8.15869
27 28 11.5454
28 29 12.831
29 30 22.153
30 31 36.3464
31 32 10.4026
32 33 32.1586
33 34 49.1219
34 35 6.02255
35 36 35.7631
36 37 42.6071
37 38 44.1695
38 39 1.87784
39 40 18.0279
40 41 48.2865
41 42 28.596
42 43 12.5491
43 44 6.95076
44 45 39.812
45 46 32.8616
46 47 24.1285
47 48 24.9881
48 49 32.0418
49 50 36.7847
50 51 21.4021
51 52 44.1087
52 53 43.2699
53 54 20.9439
54 55 48.5641
55 56 14.6547
56 57 25.9452
57 58 6.7228
58 59 26.2001
59 60 38.7762
60 61 28.8759
61 62 12.5465
62 63 49.1788
63 64 11.0344
64 65 11.6684
65 66 5.20134
66 67 46.7975
67 1 4.27547
68 68 67
1 2 10.0055
2 3 12.7755
3 4 45.6199
4 5 3.60451
5 6 43.4852
6 7 38.1469
7 8 16.1148
8 9 25.4208
9 10 4.11705
10 11 26.7182
11 12 44.5212
12 13 8.66424
13 14 11.216
14 15 20.3125
15 16 17.1777
16 17 35.1761
17 18 49.1802
18 19 12.6563
19 20 46.414
20 21 12.067
21 22 6.48513
22 23 49.5419
23 24 4.45537
24 25 21.3848
25 26 5.00128
26 27 8.15869
27 28 11.5454
28 29 12.831
29 30 22.153
30 31 36.3464
31 32 10.4026
32 33 32.1586
33 34 49.1219
34 35 6.02255
35 36 35.7631
36 37 42.6071
37 38 44.1695
38 39 1.87784
39 40 18.0279
40 41 48.2865
41 42 28.596
42 43 12.5491
43 44 6.95076
44 45 39.812
45 46 32.8616
46 47 24.1285
47 48 24.9881
48 49 32.0418
49 50 36.7847
50 51 21.4021
51 52 44.1087
52 53 43.2699
53 54 20.9439
54 55 48.5641
55 56 14.6547
56 57 25.9452
57 58 6.7228
58 59 26.2001
59 60 38.7762
60 61 28.8759
61 62 12.5465
62 63 49.1788
63 64 11.0344
64 65 11.6684
65 66 5.20134
66 67 46.7975
67 68 4.27547
68 1 49.3708
69 69 40
1 2 10.0055
2 3 12.7755
3 4 45.6199
4 5 3.60451
5 6 43.4852
6 7 38.1469
7 8 16.1148
8 9 25.4208
9 10 4.11705
10 11 26.7182
11 12 44.5212
12 13 8.66424
13 14 11.216
14 15 20.3125
15 16 17.1777
16 17 35.1761
17 18 49.1802
18 19 12.6563
19 20 46.414
20 21 12.067
21 22 6.48513
22 23 49.5419
23 24 4.45537
24 25 21.3848
25 26 5.00128
26 27 8.15869
27 28 11.5454
28 29 12.831
29 30 22.153
30 31 36.3464
31 32 10.4026
32 33 32.1586
33 34 49.1219
34 35 6.02255
35 36 35.7631
36 37 42.6071
37 38 44.1695
38 39 1.87784
39 40 18.0279
40 41 48.2865
41 42 28.596
42 43 12.5491
43 44 6.95076
44 45 39.812
45 46 32.8616
46 47 24.1285
47 48 24.9881
48 49 32.0418
49 50 36.7847
50 51 21.4021
51 52 44.1087
52 53 43.2699
53 54 20.9439
54 55 48.5641
55 56 14.6547
56 57 25.9452
57 58 6.7228
58 59 26.2001
59 60 38.7762
60 61 28.8759
61 62 12.5465
62 63 49.1788
63 64 11.0344
64 65 11.6684
65 66 5.20134
66 67 46.7975
67 68 4.27547
68 69 49.3708
69 1 48.6754
70 70 32
1 2 10.0055
2 3 12.7755
3 4 45.6199
4 5 3.60451
5 6 43.4852
6 7 38.1469
7 8 16.1148
8 9 25.4208
9 10 4.11705
10 11 26.7182
11 12 44.5212
12 13 8.66424
13 14 11.216
14 15 20.3125
15 16 17.1777
16 17 35.1761
17 18 49.1802
18 19 12.6563
19 20 46.414
20 21 12.067
21 22 6.48513
22 23 49.5419
23 24 4.45537
24 25 21.3848
25 26 5.00128
26 27 8.15869
27 28 11.5454
28 29 12.831
29 30 22.153
30 31 36.3464
31 32 10.4026
32 33 32.1586
33 34 49.1219
34 35 6.02255
35 36 35.7631
36 37 42.6071
37 38 44.1695
38 39 1.87784
39 40 18.0279
40 41 48.2865
41 42 28.596
42 43 12.5491
43 44 6.95076
44 45 39.812
45 46 32.8616
46 47 24.1285
47 48 24.9881
48 49 32.0418
49 50 36.7847
50 51 21.4021
51 52 44.1087
52 53 43.2699
53 54 20.9439
54 55 48.5641
55 56 14.6547
56 57 25.9452
57 58 6.7228
58 59 26.2001
59 60 38.7762
60 61 28.8759
61 62 12.5465
62 63 49.1788
63 64 11.0344
64 65 11.6684
65 66 5.20134
66 67 46.7975
67 68 4.27547
68 69 49.3708
69 70 48.6754
70 1 22.3033
71 71 39
1 2 10.0055
2 3 12.7755
3 4 45.6199
4 5 3.60451
5 6 43.4852
6 7 38.1469
7 8 16.1148
8 9 25.4208
9 10 4.11705
10 11 26.7182
11 12 44.5212
12 13 8.66424
13 14 11.216
14 15 20.3125
15 16 17.1777
16 17 35.1761
17 18 49.1802
18 19 12.6563
19 20 46.414
20 21 12.067
21 22 6.48513
22 23 49.5419
23 24 4.45537
24 25 21.3848
25 26 5.00128
26 27 8.15869
27 28 11.5454
28 29 12.831
29 30 22.153
30 31 36.3464
31 32 10.4026
32 33 32.1586
33 34 49.1219
34 35 6.02255
35 36 35.7631
36 37 42.6071
37 38 44.1695
38 39 1.87784
39 40 18.0279
40 41 48.2865
41 42 28.596
42 43 12.5491
43 44 6.95076
44 45 39.812
45 46 32.8616
46 47 24.1285
47 48 24.9881
48 49 32.0418
49 50 36.7847
50 51 21.4021
51 52 44.1087
52 53 43.2699
53 54 20.9439
54 55 48.5641
55 56 14.6547
56 57 25.9452
57 58 6.7228
58 59 26.2001
59 60 38.7762
60 61 28.8759
61 62 12.5465
62 63 49.1788
63 64 11.0344
64 65 11.6684
65 66 5.20134
66 67 46.7975
67 68 4.27547
68 69 49.3708
69 70 48.6754
70 71 22.3033
71 1 47.6573
72 72 58
1 2 10.0055
2 3 12.7755
3 4 45.6199
4 5 3.60451
5 6 43.4852
6 7 38.1469
7 8 16.1148
8 9 25.4208
9 10 4.11705
10 11 26.7182
11 12 44.5212
12 13 8.66424
13 14 11.216
14 15 20.3125
15 16 17.1777
16 17 35.1761
17 18 49.1802
18 19 12.6563
19 20 46.414
20 21 12.067
21 22 6.48513
22 23 49.5419
23 24 4.45537
24 25 21.3848
25 26 5.00128
26 27 8.15869
27 28 11.5454
28 29 12.831
29 30 22.153
30 31 36.3464
31 32 10.4026
32 33 32.1586
33 34 49.1219
34 35 6.02255
35 36 35.7631
36 37 42.6071
37 38 44.1695
38 39 1.87784
39 40 18.0279
40 41 48.2865
41 42 28.596
42 43 12.5491
43 44 6.95076
44 45 39.812
45 46 32.8616
46 47 24.1285
47 48 24.9881
48 49 32.0418
49 50 36.7847
50 51 21.4021
51 52 44.1087
52 53 43.2699
53 54 20.9439
54 55 48.5641
55 56 14.6547
56 57 25.9452
57 58 6.7228
58 59 26.2001
59 60 38.7762
60 61 28.8759
61 62 12.5465
62 63 49.1788
63 64 11.0344
64 65 11.6684
65 66 5.20134
66 67 46.7975
67 68 4.27547
68 69 49.3708
69 70 48.6754
70 71 22.3033
71 72 47.6573
72 1 27.2714
73 73 33
1 2 10.0055
2 3 12.7755
3 4 45.6199
4 5 3.60451
5 6 43.4852
6 7 38.1469
7 8 16.1148
8 9 25.4208
9 10 4.11705
10 11 26.7182
11 12 44.5212
12 13 8.66424
13 14 11.216
14 15 20.3125
15 16 17.1777
16 17 35.1761
17 18 49.1802
18 19 12.6563
19 20 46.414
20 21 12.067
21 22 6.48513
22 23 49.5419
23 24 4.45537
24 25 21.3848
25 26 5.00128
26 27 8.15869
27 28 11.5454
28 29 12.831
29 30 22.153
30 31 36.3464
31 32 10.4026
32 33 32.1586
33 34 49.1219
34 35 6.02255
35 36 35.7631
36 37 42.6071
37 38 44.1695
38 39 1.87784
39 40 18.0279
40 41 48.2865
41 42 28.596
42 43 12.5491
43 44 6.95076
44 45 39.812
45 46 32.8616
46 47 24.1285
47 48 24.9881
48 49 32.0418
49 50 36.7847
50 51 21.4021
51 52 44.1087
52 53 43.2699
53 54 20.9439
54 55 48.5641
55 56 14.6547
56 57 25.9452
57 58 6.7228
58 59 26.2001
59 60 38.7762
60 61 28.8759
61 62 12.5465
62 63 49.1788
63 64 11.0344
64 65 11.6684
65 66 5.20134
66 67 46.7975
67 68 4.27547
68 69 49.3708
69 70 48.6754
70 71 22.3033
71 72 47.6573
72 73 27.2714
73 1 34.8525
74 74 55
1 2 10.0055
2 3 12.7755
3 4 45.6199
4 5 3.60451
5 6 43.4852
6 7 38.1469
7 8 16.1148
8 9 25.4208
9 10 4.11705
10 11 26.7182
11 12 44.5212
12 13 8.66424
13 14 11.216
14 15 20.3125
15 16 17.1777
16 17 35.1761
17 18 49.1802
18 19 12.6563
19 20 46.414
20 21 12.067
21 22 6.48513
22 23 49.5419
23 24 4.45537
24 25 21.3848
25 26 5.00128
26 27 8.15869
27 28 11.5454
28 29 12.831
29 30 22.153
30 31 36.3464
31 32 10.4026
32 33 32.1586
33 34 49.1219
34 35 6.02255
35 36 35.7631
36 37 42.6071
37 38 44.1695
38 39 1.87784
39 40 18.0279
40 41 48.2865
41 42 28.596
42 43 12.5491
43 44 6.95076
44 45 39.812
45 46 32.8616
46 47 24.1285
47 48 24.9881
48 49 32.0418
49 50 36.7847
50 51 21.4021
51 52 44.1087
52 53 43.2699
53 54 20.9439
54 55 48.5641
55 56 14.6547
56 57 25.9452
57 58 6.7228
58 59 26.2001
59 60 38.7762
60 61 28.8759
61 62 12.5465
62 63 49.1788
63 64 11.0344
64 65 11.6684
65 66 5.20134
66 67 46.7975
67 68 4.27547
68 69 49.3708
69 70 48.6754
70 71 22.3033
71 72 47.6573
72 73 27.2714
73 74 34.8525
74 1 4.60809
75 75 51
1 2 10.0055
2 3 12.7755
3 4 45.6199
4 5 3.60451
5 6 43.4852
6 7 38.1469
7 8 16.1148
8 9 25.4208
9 10 4.11705
10 11 26.7182
11 12 44.5212
12 13 8.66424
13 14 11.216
14 15 20.3125
15 16 17.1777
16 17 35.1761
17 18 49.1802
18 19 12.6563
19 20 46.414
20 21 12.067
21 22 6.48513
22 23 49.5419
23 24 4.45537
24 25 21.3848
25 26 5.00128
26 27 8.15869
27 28 11.5454
28 29 12.831
29 30 22.153
30 31 36.3464
31 32 10.4026
32 33 32.1586
33 34 49.1219
34 35 6.02255
35 36 35.7631
36 37 42.6071
37 38 44.1695
38 39 1.87784
39 40 18.0279
40 41 48.2865
41 42 28.596
42 43 12.5491
43 44 6.95076
44 45 39.812
45 46 32.8616
46 47 24.1285
47 48 24.9881
48 49 32.0418
49 50 36.7847
50 51 21.4021
51 52 44.1087
52 53 43.2699
53 54 20.9439
54 55 48.5641
55 56 14.6547
56 57 25.9452
57 58 6.7228
58 59 26.2001
59 60 38.7762
60 61 28.8759
61 62 12.5465
62 63 49.1788
63 64 11.0344
64 65 11.6684
65 66 5.20134
66 67 46.7975
67 68 4.27547
68 69 49.3708
69 70 48.6754
70 71 22.3033
71 72 47.6573
72 73 27.2714
73 74 34.8525
74 75 4.60809
75 1 17.0834
76 76 18
1 2 10.0055
2 3 12.7755
3 4 45.6199
4 5 3.60451
5 6 43.4852
6 7 38.1469
7 8 16.1148
8 9 25.4208
9 10 4.11705
10 11 26.7182
11 12 44.5212
12 13 8.66424
13 14 11.216
14 15 20.3125
15 16 17.1777
16 17 35.1761
17 18 49.1802
18 19 12.6563
19 20 46.414
20 21 12.067
21 22 6.48513
22 23 49.5419
23 24 4.45537
24 25 21.3848
25 26 5.00128
26 27 8.15869
27 28 11.5454
28 29 12.831
29 30 22.153
30 31 36.3464
31 32 10.4026
32 33 32.1586
33 34 49.1219
34 35 6.02255
35 36 35.7631
36 37 42.6071
37 38 44.1695
38 39 1.87784
39 40 18.0279
40 41 48.2865
41 42 28.596
42 43 12.5491
43 44 6.95076
44 45 39.812
45 46 32.8616
46 47 24.1285
47 48 24.9881
48 49 32.0418
49 50 36.7847
50 51 21.4021
51 52 44.1087
52 53 43.2699
53 54 20.9439
54 55 48.5641
55 56 14.6547
56 57 25.9452
57 58 6.7228
58 59 26.2001
59 60 38.7762
60 61 28.8759
61 62 12.5465
62 63 49.1788
63 64 11.0344
64 65 11.6684
65 66 5.20134
66 67 46.7975
67 68 4.27547
68 69 49.3708
69 70 48.6754
70 71 22.3033
71 72 47.6573
72 73 27.2714
73 74 34.8525
74 75 4.60809
75 76 17.0834
76 1 17.7141
77 77 62
1 2 10.0055
2 3 12.7755
3 4 45.6199
4 5 3.60451
5 6 43.4852
6 7 38.1469
7 8 16.1148
8 9 25.4208
9 10 4.11705
10 11 26.7182
11 12 44.5212
12 13 8.66424
13 14 11.216
14 15 20.3125
15 16 17.1777
16 17 35.1761
17 18 49.1802
18 19 12.6563
19 20 46.414
20 21 12.067
21 22 6.48513
22 23 49.5419
23 24 4.45537
24 25 21.3848
25 26 5.00128
26 27 8.15869
27 28 11.5454
28 29 12.831
29 30 22.153
30 31 36.3464
31 32 10.4026
32 33 32.1586
33 34 49.1219
34 35 6.02255
35 36 35.7631
36 37 42.6071
37 38 44.1695
38 39 1.87784
39 40 18.0279
40 41 48.2865
41 42 28.596
42 43 12.5491
43 44 6.95076
44 45 39.812
45 46 32.8616
46 47 24.1285
47 48 24.9881
48 49 32.0418
49 50 36.7847
50 51 21.4021
51 52 44.1087
52 53 43.2699
53 54 20.9439
54 55 48.5641
55 56 14.6547
56 57 25.9452
57 58 6.7228
58 59 26.2001
59 60 38.7762
60 61 28.8759
61 62 12.5465
62 63 49.1788
63 64 11.0344
64 65 11.6684
65 66 5.20134
66 67 46.7975
67 68 4.27547
68 69 49.3708
69 70 48.6754
70 71 22.3033
71 72 47.6573
72 73 27.2714
73 74 34.8525
74 75 4.60809
75 76 17.0834
76 77 17.7141
77 1 28.7365
78 78 43
1 2 10.0055
2 3 12.7755
3 4 45.6199
4 5 3.60451
5 6 43.4852
6 7 38.1469
7 8 16.1148
8 9 25.4208
9 10 4.11705
10 11 26.7182
11 12 44.5212
12 13 8.66424
13 14 11.216
14 15 20.3125
15 16 17.1777
16 17 35.1761
17 18 49.1802
18 19 12.6563
19 20 46.414
20 21 12.067
21 22 6.48513
22 23 49.5419
23 24 4.45537
24 25 21.3848
25 26 5.00128
26 27 8.15869
27 28 11.5454
28 29 12.831
29 30 22.153
30 31 36.3464
31 32 10.4026
32 33 32.1586
33 34 49.1219
34 35 6.02255
35 36 35.7631
36 37 42.6071
37 38 44.1695
38 39 1.87784
39 40 18.0279
40 41 48.2865
41 42 28.596
42 43 12.5491
43 44 6.95076
44 45 39.812
45 46 32.8616
46 47 24.1285
47 48 24.9881
48 49 32.0418
49 50 36.7847
50 51 21.4021
51 52 44.1087
52 53 43.2699
53 54 20.9439
54 55 48.5641
55 56 14.6547
56 57 25.9452
57 58 6.7228
58 59 26.2001
59 60 38.7762
60 61 28.8759
61 62 12.5465
62 63 49.1788
63 64 11.0344
64 65 11.6684
65 66 5.20134
66 67 46.7975
67 68 4.27547
68 69 49.3708
69 70 48.6754
70 71 22.3033
71 72 47.6573
72 73 27.2714
73 74 34.8525
74 75 4.60809
75 76 17.0834
76 77 17.7141
77 78 28.7365
78 1 42.0715
79 79 69
1 2 10.0055
2 3 12.7755
3 4 45.6199
4 5 3.60451
5 6 43.4852
6 7 38.1469
7 8 16.1148
8 9 25.4208
9 10 4.11705
10 11 26.7182
11 12 44.5212
12 13 8.66424
13 14 11.216
14 15 20.3125
15 16 17.1777
16 17 35.1761
17 18 49.1802
18 19 12.6563
19 20 46.414
20 21 12.067
21 22 6.48513
22 23 49.5419
23 24 4.45537
24 25 21.3848
25 26 5.00128
26 27 8.15869
27 28 11.5454
28 29 12.831
29 30 22.153
30 31 36.3464
31 32 10.4026
32 33 32.1586
33 34 49.1219
34 35 6.02255
35 36 35.7631
36 37 42.6071
37 38 44.1695
38 39 1.87784
39 40 18.0279
40 41 48.2865
41 42 28.596
42 43 12.5491
43 44 6.95076
44 45 39.812
45 46 32.8616
46 47 24.1285
47 48 24.9881
48 49 32.0418
49 50 36.7847
50 51 21.4021
51 52 44.1087
52 53 43.2699
53 54 20.9439
54 55 48.5641
55 56 14.6547
56 57 25.9452
57 58 6.7228
58 59 26.2001
59 60 38.7762
60 61 28.8759
61 62 12.5465
62 63 49.1788
63 64 11.0344
64 65 11.6684
65 66 5.20134
66 67 46.7975
67 68 4.27547
68 69 49.3708
69 70 48.6754
70 71 22.3033
71 72 47.6573
72 73 27.2714
73 74 34.8525
74 75 4.60809
75 76 17.0834
76 77 17.7141
77 78 28.7365
78 79 42.0715
79 1 49.7559
80 80 27
1 2 10.0055
2 3 12.7755
3 4 45.6199
4 5 3.60451
5 6 43.4852
6 7 38.1469
7 8 16.1148
8 9 25.4208
9 10 4.11705
10 11 26.7182
11 12 44.5212
12 13 8.66424
13 14 11.216
14 15 20.3125
15 16 17.1777
16 17 35.1761
17 18 49.1802
18 19 12.6563
19 20 46.414
20 21 12.067
21 22 6.48513
22 23 49.5419
23 24 4.45537
24 25 21.3848
25 26 5.00128
26 27 8.15869
27 28 11.5454
28 29 12.831
29 30 22.153
30 31 36.3464
31 32 10.4026
32 33 32.1586
33 34 49.1219
34 35 6.02255
35 36 35.7631
36 37 42.6071
37 38 44.1695
38 39 1.87784
39 40 18.0279
40 41 48.2865
41 42 28.596
42 43 12.5491
43 44 6.95076
44 45 39.812
45 46 32.8616
46 47 24.1285
47 48 24.9881
48 49 32.0418
49 50 36.7847
50 51 21.4021
51 52 44.1087
52 53 43.2699
53 54 20.9439
54 55 48.5641
55 56 14.6547
56 57 25.9452
57 58 6.7228
58 59 26.2001
59 60 38.7762
60 61 28.8759
61 62 12.5465
62 63 49.1788
63 64 11.0344
64 65 11.6684
65 66 5.20134
66 67 46.7975
67 68 4.27547
68 69 49.3708
69 70 48.6754
70 71 22.3033
71 72 47.6573
72 73 27.2714
73 74 34.8525
74 75 4.60809
75 76 17.0834
76 77 17.7141
77 78 28.7365
78 79 42.0715
79 80 49.7559
80 1 15.5213
81 81 24
1 2 10.0055
2 3 12.7755
3 4 45.6199
4 5 3.60451
5 6 43.4852
6 7 38.1469
7 8 16.1148
8 9 25.4208
9 10 4.11705
10 11 26.7182
11 12 44.5212
12 13 8.66424
13 14 11.216
14 15 20.3125
15 16 17.1777
16 17 35.1761
17 18 49.1802
18 19 12.6563
19 20 46.414
20 21 12.067
21 22 6.48513
22 23 49.5419
23 24 4.45537
24 25 21.3848
25 26 5.00128
26 27 8.15869
27 28 11.5454
28 29 12.831
29 30 22.153
30 31 36.3464
31 32 10.4026
32 33 32.1586
33 34 49.1219
34 35 6.02255
35 36 35.7631
36 37 42.6071
37 38 44.1695
38 39 1.87784
39 40 18.0279
40 41 48.2865
41 42 28.596
42 43 12.5491
43 44 6.95076
44 45 39.812
45 46 32.8616
46 47 24.1285
47 48 24.9881
48 49 32.0418
49 50 36.7847
50 51 21.4021
51 52 44.1087
52 53 43.2699
53 54 20.9439
54 55 48.5641
55 56 14.6547
56 57 25.9452
57 58 6.7228
58 59 26.2001
59 60 38.7762
60 61 28.8759
61 62 12.5465
62 63 49.1788
63 64 11.0344
64 65 11.6684
65 66 5.20134
66 67 46.7975
67 68 4.27547
68 69 49.3708
69 70 48.6754
70 71 22.3033
71 72 47.6573
72 73 27.2714
73 74 34.8525
74 75 4.60809
75 76 17.0834
76 77 17.7141
77 78 28.7365
78 79 42.0715
79 80 49.7559
80 81 15.5213
81 1 13.4736
82 82 6
1 2 10.0055
2 3 12.7755
3 4 45.6199
4 5 3.60451
5 6 43.4852
6 7 38.1469
7 8 16.1148
8 9 25.4208
9 10 4.11705
10 11 26.7182
11 12 44.5212
12 13 8.66424
13 14 11.216
14 15 20.3125
15 16 17.1777
16 17 35.1761
17 18 49.1802
18 19 12.6563
19 20 46.414
20 21 12.067
21 22 6.48513
22 23 49.5419
23 24 4.45537
24 25 21.3848
25 26 5.00128
26 27 8.15869
27 28 11.5454
28 29 12.831
29 30 22.153
30 31 36.3464
31 32 10.4026
32 33 32.1586
33 34 49.1219
34 35 6.02255
35 36 35.7631
36 37 42.6071
37 38 44.1695
38 39 1.87784
39 40 18.0279
40 41 48.2865
41 42 28.596
42 43 12.5491
43 44 6.95076
44 45 39.812
45 46 32.8616
46 47 24.1285
47 48 24.9881
48 49 32.0418
49 50 36.7847
50 51 21.4021
51 52 44.1087
52 53 43.2699
53 54 20.9439
54 55 48.5641
55 56 14.6547
56 57 25.9452
57 58 6.7228
58 59 26.2001
59 60 38.7762
60 61 28.8759
61 62 12.5465
62 63 49.1788
63 64 11.0344
64 65 11.6684
65 66 5.20134
66 67 46.7975
67 68 4.27547
68 69 49.3708
69 70 48.6754
70 71 22.3033
71 72 47.6573
72 73 27.2714
73 74 34.8525
74 75 4.60809
75 76 17.0834
76 77 17.7141
77 78 28.7365
78 79 42.0715
79 80 49.7559
80 81 15.5213
81 82 13.4736
82 1 43.8646
83 83 9
1 2 10.0055
2 3 12.7755
3 4 45.6199
4 5 3.60451
5 6 43.4852
6 7 38.1469
7 8 16.1148
8 9 25.4208
9 10 4.11705
10 11 26.7182
11 12 44.5212
12 13 8.66424
13 14 11.216
14 15 20.3125
15 16 17.1777
16 17 35.1761
17 18 49.1802
18 19 12.6563
19 20 46.414
20 21 12.067
21 22 6.48513
22 23 49.5419
23 24 4.45537
24 25 21.3848
25 26 5.00128
26 27 8.15869
27 28 11.5454
28 29 12.831
29 30 22.153
30 31 36.3464
31 32 10.4026
32 33 32.1586
33 34 49.1219
34 35 6.02255
35 36 35.7631
36 37 42.6071
37 38 44.1695
38 39 1.87784
39 40 18.0279
40 41 48.2865
41 42 28.596
42 43 12.5491
43 44 6.95076
44 45 39.812
45 46 32.8616
46 47 24.1285
47 48 24.9881
48 49 32.0418
49 50 36.7847
50 51 21.4021
51 52 44.1087
52 53 43.2699
53 54 20.9439
54 55 48.5641
55 56 14.6547
56 57 25.9452
57 58 6.7228
58 59 26.2001
59 60 38.7762
60 61 28.8759
61 62 12.5465
62 63 49.1788
63 64 11.0344
64 65 11.6684
65 66 5.20134
66 67 46.7975
67 68 4.27547
68 69 49.3708
69 70 48.6754
70 71 22.3033
71 72 47.6573
72 73 27.2714
73 74 34.8525
74 75 4.60809
75 76 17.0834
76 77 17.7141
77 78 28.7365
78 79 42.0715
79 80 49.7559
80 81 15.5213
81 82 13.4736
82 83 43.8646
83 1 8.79117
84 84 28
1 2 10.0055
2 3 12.7755
3 4 45.6199
4 5 3.60451
5 6 43.4852
6 7 38.1469
7 8 16.1148
8 9 25.4208
9 10 4.11705
10 11 26.7182
11 12 44.5212
12 13 8.66424
13 14 11.216
14 15 20.3125
15 16 17.1777
16 17 35.1761
17 18 49.1802
18 19 12.6563
19 20 46.414
20 21 12.067
21 22 6.48513
22 23 49.5419
23 24 4.45537
24 25 21.3848
25 26 5.00128
26 27 8.15869
27 28 11.5454
28 29 12.831
29 30 22.153
30 31 36.3464
31 32 10.4026
32 33 32.1586
33 34 49.1219
34 35 6.02255
35 36 35.7631
36 37 42.6071
37 38 44.1695
38 39 1.87784
39 40 18.0279
40 41 48.2865
41 42 28.596
42 43 12.5491
43 44 6.95076
44 45 39.812
45 46 32.8616
46 47 24.1285
47 48 24.9881
48 49 32.0418
49 50 36.7847
50 51 21.4021
51 52 44.1087
52 53 43.2699
53 54 20.9439
54 55 48.5641
55 56 14.6547
56 57 25.9452
57 58 6.7228
58 59 26.2001
59 60 38.7762
60 61 28.8759
61 62 12.5465
62 63 49.1788
63 64 11.0344
64 65 11.6684
65 66 5.20134
66 67 46.7975
67 68 4.27547
68 69 49.3708
69 70 48.6754
70 71 22.3033
71 72 47.6573
72 73 27.2714
73 74 34.8525
74 75 4.60809
75 76 17.0834
76 77 17.7141
77 78 28.7365
78 79 42.0715
79 80 49.7559
80 81 15.5213
81 82 13.4736
82 83 43.8646
83 84 8.79117
84 1 34.4175
85 85 50
1 2 10.0055
2 3 12.7755
3 4 45.6199
4 5 3.60451
5 6 43.4852
6 7 38.1469
7 8 16.1148
8 9 25.4208
9 10 4.11705
10 11 26.7182
11 12 44.5212
12 13 8.66424
13 14 11.216
14 15 20.3125
15 16 17.1777
16 17 35.1761
17 18 49.1802
18 19 12.6563
19 20 46.414
20 21 12.067
21 22 6.48513
22 23 49.5419
23 24 4.45537
24 25 21.3848
25 26 5.00128
26 27 8.15869
27 28 11.5454
28 29 12.831
29 30 22.153
30 31 36.3464
31 32 10.4026
32 33 32.1586
33 34 49.1219
34 35 6.02255
35 36 35.7631
36 37 42.6071
37 38 44.1695
38 39 1.87784
39 40 18.0279
40 41 48.2865
41 42 28.596
42 43 12.5491
43 44 6.95076
44 45 39.812
45 46 32.8616
46 47 24.1285
47 48 24.9881
48 49 32.0418
49 50 36.7847
50 51 21.4021
51 52 44.1087
52 53 43.2699
53 54 20.9439
54 55 48.5641
55 56 14.6547
56 57 25.9452
57 58 6.7228
58 59 26.2001
59 60 38.7762
60 61 28.8759
61 62 12.5465
62 63 49.1788
63 64 11.0344
64 65 11.6684
65 66 5.20134
66 67 46.7975
67 68 4.27547
68 69 49.3708
69 70 48.6754
70 71 22.3033
71 72 47.6573
72 73 27.2714
73 74 34.8525
74 75 4.60809
75 76 17.0834
76 77 17.7141
77 78 28.7365
78 79 42.0715
79 80 49.7559
80 81 15.5213
81 82 13.4736
82 83 43.8646
83 84 8.79117
84 85 34.4175
85 1 42.4288
86 86 16
1 2 10.0055
2 3 12.7755
3 4 45.6199
4 5 3.60451
5 6 43.4852
6 7 38.1469
7 8 16.1148
8 9 25.4208
9 10 4.11705
10 11 26.7182
11 12 44.5212
12 13 8.66424
13 14 11.216
14 15 20.3125
15 16 17.1777
16 17 35.1761
17 18 49.1802
18 19 12.6563
19 20 46.414
20 21 12.067
21 22 6.48513
22 23 49.5419
23 24 4.45537
24 25 21.3848
25 26 5.00128
26 27 8.15869
27 28 11.5454
28 29 12.831
29 30 22.153
30 31 36.3464
31 32 10.4026
32 33 32.1586
33 34 49.1219
34 35 6.02255
35 36 35.7631
36 37 42.6071
37 38 44.1695
38 39 1.87784
39 40 18.0279
40 41 48.2865
41 42 28.596
42 43 12.5491
43 44 6.95076
44 45 39.812
45 46 32.8616
46 47 24.1285
47 48 24.9881
48 49 32.0418
49 50 36.7847
50 51 21.4021
51 52 44.1087
52 53 43.2699
53 54 20.9439
54 55 48.5641
55 56 14.6547
56 57 25.9452
57 58 6.7228
58 59 26.2001
59 60 38.7762
60 61 28.8759
61 62 12.5465
62 63 49.1788
63 64 11.0344
64 65 11.6684
65 66 5.20134
66 67 46.7975
67 68 4.27547
68 69 49.3708
69 70 48.6754
70 71 22.3033
71 72 47.6573
72 73 27.2714
73 74 34.8525
74 75 4.60809
75 76 17.0834
76 77 17.7141
77 78 28.7365
78 79 42.0715
79 80 49.7559
80 81 15.5213
81 82 13.4736
82 83 43.8646
83 84 8.79117
84 85 34.4175
85 86 42.4288
86 1 23.4458
87 87 47
1 2 10.0055
2 3 12.7755
3 4 45.6199
4 5 3.60451
5 6 43.4852
6 7 38.1469
7 8 16.1148
8 9 25.4208
9 10 4.11705
10 11 26.7182
11 12 44.5212
12 13 8.66424
13 14 11.216
14 15 20.3125
15 16 17.1777
16 17 35.1761
17 18 49.1802
18 19 12.6563
19 20 46.414
20 21 12.067
21 22 6.48513
22 23 49.5419
23 24 4.45537
24 25 21.3848
25 26 5.00128
26 27 8.15869
27 28 11.5454
28 29 12.831
29 30 22.153
30 31 36.3464
31 32 10.4026
32 33 32.1586
33 34 49.1219
34 35 6.02255
35 36 35.7631
36 37 42.6071
37 38 44.1695
38 39 1.87784
39 40 18.0279
40 41 48.2865
41 42 28.596
42 43 12.5491
43 44 6.95076
44 45 39.812
45 46 32.8616
46 47 24.1285
47 48 24.9881
48 49 32.0418
49 50 36.7847
50 51 21.4021
51 52 44.1087
52 53 43.2699
53 54 20.9439
54 55 48.5641
55 56 14.6547
56 57 25.9452
57 58 6.7228
58 59 26.2001
59 60 38.7762
60 61 28.8759
61 62 12.5465
62 63 49.1788
63 64 11.0344
64 65 11.6684
65 66 5.20134
66 67 46.7975
67 68 4.27547
68 69 49.3708
69 70 48.6754
70 71 22.3033
71 72 47.6573
72 73 27.2714
73 74 34.8525
74 75 4.60809
75 76 17.0834
76 77 17.7141
77 78 28.7365
78 79 42.0715
79 80 49.7559
80 81 15.5213
81 82 13.4736
82 83 43.8646
83 84 8.79117
84 85 34.4175
85 86 42.4288
86 87 23.4458
87 1 10.3627
88 88 64
1 2 10.0055
2 3 12.7755
3 4 45.6199
4 5 3.60451
5 6 43.4852
6 7 38.1469
7 8 16.1148
8 9 25.4208
9 10 4.11705
10 11 26.7182
11 12 44.5212
12 13 8.66424
13 14 11.216
14 15 20.3125
15 16 17.1777
16 17 35.1761
17 18 49.1802
18 19 12.6563
19 20 46.414
20 21 12.067
21 22 6.48513
22 23 49.5419
23 24 4.45537
24 25 21.3848
25 26 5.00128
26 27 8.15869
27 28 11.5454
28 29 12.831
29 30 22.153
30 31 36.3464
31 32 10.4026
32 33 32.1586
33 34 49.1219
34 35 6.02255
35 36 35.7631
36 37 42.6071
37 38 44.1695
38 39 1.87784
39 40 18.0279
40 41 48.2865
41 42 28.596
42 43 12.5491
43 44 6.95076
44 45 39.812
45 46 32.8616
46 47 24.1285
47 48 24.9881
48 49 32.0418
49 50 36.7847
50 51 21.4021
51 52 44.1087
52 53 43.2699
53 54 20.9439
54 55 48.5641
55 56 14.6547
56 57 25.9452
57 58 6.7228
58 59 26.2001
59 60 38.7762
60 61 28.8759
61 62 12.5465
62 63 49.1788
63 64 11.0344
64 65 11.6684
65 66 5.20134
66 67 46.7975
67 68 4.27547
68 69 49.3708
69 70 48.6754
70 71 22.3033
71 72 47.6573
72 73 27.2714
73 74 34.8525
74 75 4.60809
75 76 17.0834
76 77 17.7141
77 78 28.7365
78 79 42.0715
79 80 49.7559
80 81 15.5213
81 82 13.4736
82 83 43.8646
83 84 8.79117
84 85 34.4175
85 86 42.4288
86 87 23.4458
87 88 10.3627
88 1 49.1516
89 89 78
1 2 10.0055
2 3 12.7755
3 4 45.6199
4 5 3.60451
5 6 43.4852
6 7 38.1469
7 8 16.1148
8 9 25.4208
9 10 4.11705
10 11 26.7182
11 12 44.5212
12 13 8.66424
13 14 11.216
14 15 20.3125
15 16 17.1777
16 17 35.1761
17 18 49.1802
18 19 12.6563
19 20 46.414
20 21 12.067
21 22 6.48513
22 23 49.5419
23 24 4.45537
24 25 21.3848
25 26 5.00128
26 27 8.15869
27 28 11.5454
28 29 12.831
29 30 22.153
30 31 36.3464
31 32 10.4026
32 33 32.1586
33 34 49.1219
34 35 6.02255
35 36 35.7631
36 37 42.6071
37 38 44.1695
38 39 1.87784
39 40 18.0279
40 41 48.2865
41 42 28.596
42 43 12.5491
43 44 6.95076
44 45 39.812
45 46 32.8616
46 47 24.1285
47 48 24.9881
48 49 32.0418
49 50 36.7847
50 51 21.4021
51 52 44.1087
52 53 43.2699
53 54 20.9439
54 55 48.5641
55 56 14.6547
56 57 25.9452
57 58 6.7228
58 59 26.2001
59 60 38.7762
60 61 28.8759
61 62 12.5465
62 63 49.1788
63 64 11.0344
64 65 11.6684
65 66 5.20134
66 67 46.7975
67 68 4.27547
68 69 49.3708
69 70 48.6754
70 71 22.3033
71 72 47.6573
72 73 27.2714
73 74 34.8525
74 75 4.60809
75 76 17.0834
76 77 17.7141
77 78 28.7365
78 79 42.0715
79 80 49.7559
80 81 15.5213
81 82 13.4736
82 83 43.8646
83 84 8.79117
84 85 34.4175
85 86 42.4288
86 87 23.4458
87 88 10.3627
88 89 49.1516
89 1 49.6459
90 90 22
1 2 10.0055
2 3 12.7755
3 4 45.6199
4 5 3.60451
5 6 43.4852
6 7 38.1469
7 8 16.1148
8 9 25.4208
9 10 4.11705
10 11 26.7182
11 12 44.5212
12 13 8.66424
13 14 11.216
14 15 20.3125
15 16 17.1777
16 17 35.1761
17 18 49.1802
18 19 12.6563
19 20 46.414
20 21 12.067
21 22 6.48513
22 23 49.5419
23 24 4.45537
24 25 21.3848
25 26 5.00128
26 27 8.15869
27 28 11.5454
28 29 12.831
29 30 22.153
30 31 36.3464
31 32 10.4026
32 33 32.1586
33 34 49.1219
34 35 6.02255
35 36 35.7631
36 37 42.6071
37 38 44.1695
38 39 1.87784
39 40 18.0279
40 41 48.2865
41 42 28.596
42 43 12.5491
43 44 6.95076
44 45 39.812
45 46 32.8616
46 47 24.1285
47 48 24.9881
48 49 32.0418
49 50 36.7847
50 51 21.4021
51 52 44.1087
52 53 43.2699
53 54 20.9439
54 55 48.5641
55 56 14.6547
56 57 25.9452
57 58 6.7228
58 59 26.2001
59 60 38.7762
60 61 28.8759
61 62 12.5465
62 63 49.1788
63 64 11.0344
64 65 11.6684
65 66 5.20134
66 67 46.7975
67 68 4.27547
68 69 49.3708
69 70 48.6754
70 71 22.3033
71 72 47.6573
72 73 27.2714
73 74 34.8525
74 75 4.60809
75 76 17.0834
76 77 17.7141
77 78 28.7365
78 79 42.0715
79 80 49.7559
80 81 15.5213
81 82 13.4736
82 83 43.8646
83 84 8.79117
84 85 34.4175
85 86 42.4288
86 87 23.4458
87 88 10.3627
88 89 49.1516
89 90 49.6459
90 1 49.1389
91 91 56
1 2 10.0055
2 3 12.7755
3 4 45.6199
4 5 3.60451
5 6 43.4852
6 7 38.1469
7 8 16.1148
8 9 25.4208
9 10 4.11705
10 11 26.7182
11 12 44.5212
12 13 8.66424
13 14 11.216
14 15 20.3125
15 16 17.1777
16 17 35.1761
17 18 49.1802
18 19 12.6563
19 20 46.414
20 21 12.067
21 22 6.48513
22 23 49.5419
23 24 4.45537
24 25 21.3848
25 26 5.00128
26 27 8.15869
27 28 11.5454
28 29 12.831
29 30 22.153
30 31 36.3464
31 32 10.4026
32 33 32.1586
33 34 49.1219
34 35 6.02255
35 36 35.7631
36 37 42.6071
37 38 44.1695
38 39 1.87784
39 40 18.0279
40 41 48.2865
41 42 28.596
42 43 12.5491
43 44 6.95076
44 45 39.812
45 46 32.8616
46 47 24.1285
47 48 24.9881
48 49 32.0418
49 50 36.7847
50 51 21.4021
51 52 44.1087
52 53 43.2699
53 54 20.9439
54 55 48.5641
55 56 14.6547
56 57 25.9452
57 58 6.7228
58 59 26.2001
59 60 38.7762
60 61 28.8759
61 62 12.5465
62 63 49.1788
63 64 11.0344
64 65 11.6684
65 66 5.20134
66 67 46.7975
67 68 4.27547
68 69 49.3708
69 70 48.6754
70 71 22.3033
71 72 47.6573
72 73 27.2714
73 74 34.8525
74 75 4.60809
75 76 17.0834
76 77 17.7141
77 78 28.7365
78 79 42.0715
79 80 49.7559
80 81 15.5213
81 82 13.4736
82 83 43.8646
83 84 8.79117
84 85 34.4175
85 86 42.4288
86 87 23.4458
87 88 10.3627
88 89 49.1516
89 90 49.6459
90 91 49.1389
91 1 28.0274
92 92 85
1 2 10.0055
2 3 12.7755
3 4 45.6199
4 5 3.60451
5 6 43.4852
6 7 38.1469
7 8 16.1148
8 9 25.4208
9 10 4.11705
10 11 26.7182
11 12 44.5212
12 13 8.66424
13 14 11.216
14 15 20.3125
15 16 17.1777
16 17 35.1761
17 18 49.1802
18 19 12.6563
19 20 46.414
20 21 12.067
21 22 6.48513
22 23 49.5419
23 24 4.45537
24 25 21.3848
25 26 5.00128
26 27 8.15869
27 28 11.5454
28 29 12.831
29 30 22.153
30 31 36.3464
31 32 10.4026
32 33 32.1586
33 34 49.1219
34 35 6.02255
35 36 35.7631
36 37 42.6071
37 38 44.1695
38 39 1.87784
39 40 18.0279
40 41 48.2865
41 42 28.596
42 43 12.5491
43 44 6.95076
44 45 39.812
45 46 32.8616
46 47 24.1285
47 48 24.9881
48 49 32.0418
49 50 36.7847
50 51 21.4021
51 52 44.1087
52 53 43.2699
53 54 20.9439
54 55 48.5641
55 56 14.6547
56 57 25.9452
57 58 6.7228
58 59 26.2001
59 60 38.7762
60 61 28.8759
61 62 12.5465
62 63 49.1788
63 64 11.0344
64 65 11.6684
65 66 5.20134
66 67 46.7975
67 68 4.27547
68 69 49.3708
69 70 48.6754
70 71 22.3033
71 72 47.6573
72 73 27.2714
73 74 34.8525
74 75 4.60809
75 76 17.0834
76 77 17.7141
77 78 28.7365
78 79 42.0715
79 80 49.7559
80 81 15.5213
81 82 13.4736
82 83 43.8646
83 84 8.79117
84 85 34.4175
85 86 42.4288
86 87 23.4458
87 88 10.3627
88 89 49.1516
89 90 49.6459
90 91 49.1389
91 92 28.0274
92 1 12.1924
93 93 61
1 2 10.0055
2 3 12.7755
3 4 45.6199
4 5 3.60451
5 6 43.4852
6 7 38.1469
7 8 16.1148
8 9 25.4208
9 10 4.11705
10 11 26.7182
11 12 44.5212
12 13 8.66424
13 14 11.216
14 15 20.3125
15 16 17.1777
16 17 35.1761
17 18 49.1802
18 19 12.6563
19 20 46.414
20 21 12.067
21 22 6.48513
22 23 49.5419
23 24 4.45537
24 25 21.3848
25 26 5.00128
26 27 8.15869
27 28 11.5454
28 29 12.831
29 30 22.153
30 31 36.3464
31 32 10.4026
32 33 32.1586
33 34 49.1219
34 35 6.02255
35 36 35.7631
36 37 42.6071
37 38 44.1695
38 39 1.87784
39 40 18.0279
40 41 48.2865
41 42 28.596
42 43 12.5491
43 44 6.95076
44 45 39.812
45 46 32.8616
46 47 24.1285
47 48 24.9881
48 49 32.0418
49 50 36.7847
50 51 21.4021
51 52 44.1087
52 53 43.2699
53 54 20.9439
54 55 48.5641
55 56 14.6547
56 57 25.9452
57 58 6.7228
58 59 26.2001
59 60 38.7762
60 61 28.8759
61 62 12.5465
62 63 49.1788
63 64 11.0344
64 65 11.6684
65 66 5.20134
66 67 46.7975
67 68 4.27547
68 69 49.3708
69 70 48.6754
70 71 22.3033
71 72 47.6573
72 73 27.2714
73 74 34.8525
74 75 4.60809
75 76 17.0834
76 77 17.7141
77 78 28.7365
78 79 42.0715
79 80 49.7559
80 81 15.5213
81 82 13.4736
82 83 43.8646
83 84 8.79117
84 85 34.4175
85 86 42.4288
86 87 23.4458
87 88 10.3627
88 89 49.1516
89 90 49.6459
90 91 49.1389
91 92 28.0274
92 93 12.1924
93 1 48.3177
94 94 3
1 2 10.0055
2 3 12.7755
3 4 45.6199
4 5 3.60451
5 6 43.4852
6 7 38.1469
7 8 16.1148
8 9 25.4208
9 10 4.11705
10 11 26.7182
11 12 44.5212
12 13 8.66424
13 14 11.216
14 15 20.3125
15 16 17.1777
16 17 35.1761
17 18 49.1802
18 19 12.6563
19 20 46.414
20 21 12.067
21 22 6.48513
22 23 49.5419
23 24 4.45537
24 25 21.3848
25 26 5.00128
26 27 8.15869
27 28 11.5454
28 29 12.831
29 30 22.153
30 31 36.3464
31 32 10.4026
32 33 32.1586
33 34 49.1219
34 35 6.02255
35 36 35.7631
36 37 42.6071
37 38 44.1695
38 39 1.87784
39 40 18.0279
40 41 48.2865
41 42 28.596
42 43 12.5491
43 44 6.95076
44 45 39.812
45 46 32.8616
46 47 24.1285
47 48 24.9881
48 49 32.0418
49 50 36.7847
50 51 21.4021
51 52 44.1087
52 53 43.2699
53 54 20.9439
54 55 48.5641
55 56 14.6547
56 57 25.9452
57 58 6.7228
58 59 26.2001
59 60 38.7762
60 61 28.8759
61 62 12.5465
62 63 49.1788
63 64 11.0344
64 65 11.6684
65 66 5.20134
66 67 46.7975
67 68 4.27547
68 69 49.3708
69 70 48.6754
70 71 22.3033
71 72 47.6573
72 73 27.2714
73 74 34.8525
74 75 4.60809
75 76 17.0834
76 77 17.7141
77 78 28.7365
78 79 42.0715
79 80 49.7559
80 81 15.5213
81 82 13.4736
82 83 43.8646
83 84 8.79117
84 85 34.4175
85 86 42.4288
86 87 23.4458
87 88 10.3627
88 89 49.1516
89 90 49.6459
90 91 49.1389
91 92 28.0274
92 93 12.1924
93 94 48.3177
94 1 39.0618
95 95 6
1 2 10.0055
2 3 12.7755
3 4 45.6199
4 5 3.60451
5 6 43.4852
6 7 38.1469
7 8 16.1148
8 9 25.4208
9 10 4.11705
10 11 26.7182
11 12 44.5212
12 13 8.66424
13 14 11.216
14 15 20.3125
15 16 17.1777
16 17 35.1761
17 18 49.1802
18 19 12.6563
19 20 46.414
20 21 12.067
21 22 6.48513
22 23 49.5419
23 24 4.45537
24 25 21.3848
25 26 5.00128
26 27 8.15869
27 28 11.5454
28 29 12.831
29 30 22.153
30 31 36.3464
31 32 10.4026
32 33 32.1586
33 34 49.1219
34 35 6.02255
35 36 35.7631
36 37 42.6071
37 38 44.1695
38 39 1.87784
39 40 18.0279
40 41 48.2865
41 42 28.596
42 43 12.5491
43 44 6.95076
44 45 39.812
45 46 32.8616
46 47 24.1285
47 48 24.9881
48 49 32.0418
49 50 36.7847
50 51 21.4021
51 52 44.1087
52 53 43.2699
53 54 20.9439
54 55 48.5641
55 56 14.6547
56 57 25.9452
57 58 6.7228
58 59 26.2001
59 60 38.7762
60 61 28.8759
61 62 12.5465
62 63 49.1788
63 64 11.0344
64 65 11.6684
65 66 5.20134
66 67 46.7975
67 68 4.27547
68 69 49.3708
69 70 48.6754
70 71 22.3033
71 72 47.6573
72 73 27.2714
73 74 34.8525
74 75 4.60809
75 76 17.0834
76 77 17.7141
77 78 28.7365
78 79 42.0715
79 80 49.7559
80 81 15.5213
81 82 13.4736
82 83 43.8646
83 84 8.79117
84 85 34.4175
85 86 42.4288
86 87 23.4458
87 88 10.3627
88 89 49.1516
89 90 49.6459
90 91 49.1389
91 92 28.0274
92 93 12.1924
93 94 48.3177
94 95 39.0618
95 1 23.8607
96 96 28
1 2 10.0055
2 3 12.7755
3 4 45.6199
4 5 3.60451
5 6 43.4852
6 7 38.1469
7 8 16.1148
8 9 25.4208
9 10 4.11705
10 11 26.7182
11 12 44.5212
12 13 8.66424
13 14 11.216
14 15 20.3125
15 16 17.1777
16 17 35.1761
17 18 49.1802
18 19 12.6563
19 20 46.414
20 21 12.067
21 22 6.48513
22 23 49.5419
23 24 4.45537
24 25 21.3848
25 26 5.00128
26 27 8.15869
27 28 11.5454
28 29 12.831
29 30 22.153
30 31 36.3464
31 32 10.4026
32 33 32.1586
33 34 49.1219
34 35 6.02255
35 36 35.7631
36 37 42.6071
37 38 44.1695
38 39 1.87784
39 40 18.0279
40 41 48.2865
41 42 28.596
42 43 12.5491
43 44 6.95076
44 45 39.812
45 46 32.8616
46 47 24.1285
47 48 24.9881
48 49 32.0418
49 50 36.7847
50 51 21.4021
51 52 44.1087
52 53 43.2699
53 54 20.9439
54 55 48.5641
55 56 14.6547
56 57 25.9452
57 58 6.7228
58 59 26.2001
59 60 38.7762
60 61 28.8759
61 62 12.5465
62 63 49.1788
63 64 11.0344
64 65 11.6684
65 66 5.20134
66 67 46.7975
67 68 4.27547
68 69 49.3708
69 70 48.6754
70 71 22.3033
71 72 47.6573
72 73 27.2714
73 74 34.8525
74 75 4.60809
75 76 17.0834
76 77 17.7141
77 78 28.7365
78 79 42.0715
79 80 49.7559
80 81 15.5213
81 82 13.4736
82 83 43.8646
83 84 8.79117
84 85 34.4175
85 86 42.4288
86 87 23.4458
87 88 10.3627
88 89 49.1516
89 90 49.6459
90 91 49.1389
91 92 28.0274
92 93 12.1924
93 94 48.3177
94 95 39.0618
95 96 23.8607
96 1 3.51901
97 97 16
1 2 10.0055
2 3 12.7755
3 4 45.6199
4 5 3.60451
5 6 43.4852
6 7 38.1469
7 8 16.1148
8 9 25.4208
9 10 4.11705
10 11 26.7182
11 12 44.5212
12 13 8.66424
13 14 11.216
14 15 20.3125
15 16 17.1777
16 17 35.1761
17 18 49.1802
18 19 12.6563
19 20 46.414
20 21 12.067
21 22 6.48513
22 23 49.5419
23 24 4.45537
24 25 21.3848
25 26 5.00128
26 27 8.15869
27 28 11.5454
28 29 12.831
29 30 22.153
30 31 36.3464
31 32 10.4026
32 33 32.1586
33 34 49.1219
34 35 6.02255
35 36 35.7631
36 37 42.6071
37 38 44.1695
38 39 1.87784
39 40 18.0279
40 41 48.2865
41 42 28.596
42 43 12.5491
43 44 6.95076
44 45 39.812
45 46 32.8616
46 47 24.1285
47 48 24.9881
48 49 32.0418
49 50 36.7847
50 51 21.4021
51 52 44.1087
52 53 43.2699
53 54 20.9439
54 55 48.5641
55 56 14.6547
56 57 25.9452
57 58 6.7228
58 59 26.2001
59 60 38.7762
60 61 28.8759
61 62 12.5465
62 63 49.1788
63 64 11.0344
64 65 11.6684
65 66 5.20134
66 67 46.7975
67 68 4.27547
68 69 49.3708
69 70 48.6754
70 71 22.3033
71 72 47.6573
72 73 27.2714
73 74 34.8525
74 75 4.60809
75 76 17.0834
76 77 17.7141
77 78 28.7365
78 79 42.0715
79 80 49.7559
80 81 15.5213
81 82 13.4736
82 83 43.8646
83 84 8.79117
84 85 34.4175
85 86 42.4288
86 87 23.4458
87 88 10.3627
88 89 49.1516
89 90 49.6459
90 91 49.1389
91 92 28.0274
92 93 12.1924
93 94 48.3177
94 95 39.0618
95 96 23.8607
96 97 3.51901
97 1 35.8594
98 98 17
1 2 10.0055
2 3 12.7755
3 4 45.6199
4 5 3.60451
5 6 43.4852
6 7 38.1469
7 8 16.1148
8 9 25.4208
9 10 4.11705
10 11 26.7182
11 12 44.5212
12 13 8.66424
13 14 11.216
14 15 20.3125
15 16 17.1777
16 17 35.1761
17 18 49.1802
18 19 12.6563
19 20 46.414
20 21 12.067
21 22 6.48513
22 23 49.5419
23 24 4.45537
24 25 21.3848
25 26 5.00128
26 27 8.15869
27 28 11.5454
28 29 12.831
29 30 22.153
30 31 36.3464
31 32 10.4026
32 33 32.1586
33 34 49.1219
34 35 6.02255
35 36 35.7631
36 37 42.6071
37 38 44.1695
38 39 1.87784
39 40 18.0279
40 41 48.2865
41 42 28.596
42 43 12.5491
43 44 6.95076
44 45 39.812
45 46 32.8616
46 47 24.1285
47 48 24.9881
48 49 32.0418
49 50 36.7847
50 51 21.4021
51 52 44.1087
52 53 43.2699
53 54 20.9439
54 55 48.5641
55 56 14.6547
56 57 25.9452
57 58 6.7228
58 59 26.2001
59 60 38.7762
60 61 28.8759
61 62 12.5465
62 63 49.1788
63 64 11.0344
64 65 11.6684
65 66 5.20134
66 67 46.7975
67 68 4.27547
68 69 49.3708
69 70 48.6754
70 71 22.3033
71 72 47.6573
72 73 27.2714
73 74 34.8525
74 75 4.60809
75 76 17.0834
76 77 17.7141
77 78 28.7365
78 79 42.0715
79 80 49.7559
80 81 15.5213
81 82 13.4736
82 83 43.8646
83 84 8.79117
84 85 34.4175
85 86 42.4288
86 87 23.4458
87 88 10.3627
88 89 49.1516
89 90 49.6459
90 91 49.1389
91 92 28.0274
92 93 12.1924
93 94 48.3177
94 95 39.0618
95 96 23.8607
96 97 3.51901
97 98 35.8594
98 1 28.1362
99 99 75
1 2 10.0055
2 3 12.7755
3 4 45.6199
4 5 3.60451
5 6 43.4852
6 7 38.1469
7 8 16.1148
8 9 25.4208
9 10 4.11705
10 11 26.7182
11 12 44.5212
12 13 8.66424
13 14 11.216
14 15 20.3125
15 16 17.1777
16 17 35.1761
17 18 49.1802
18 19 12.6563
19 20 46.414
20 21 12.067
21 22 6.48513
22 23 49.5419
23 24 4.45537
24 25 21.3848
25 26 5.00128
26 27 8.15869
27 28 11.5454
28 29 12.831
29 30 22.153
30 31 36.3464
31 32 10.4026
32 33 32.1586
33 34 49.1219
34 35 6.02255
35 36 35.7631
36 37 42.6071
37 38 44.1695
38 39 1.87784
39 40 18.0279
40 41 48.2865
41 42 28.596
42 43 12.5491
43 44 6.95076
44 45 39.812
45 46 32.8616
46 47 24.1285
47 48 24.9881
48 49 32.0418
49 50 36.7847
50 51 21.4021
51 52 44.1087
52 53 43.2699
53 54 20.9439
54 55 48.5641
55 56 14.6547
56 57 25.9452
57 58 6.7228
58 59 26.2001
59 60 38.7762
60 61 28.8759
61 62 12.5465
62 63 49.1788
63 64 11.0344
64 65 11.6684
65 66 5.20134
66 67 46.7975
67 68 4.27547
68 69 49.3708
69 70 48.6754
70 71 22.3033
71 72 47.6573
72 73 27.2714
73 74 34.8525
74 75 4.60809
75 76 17.0834
76 77 17.7141
77 78 28.7365
78 79 42.0715
79 80 49.7559
80 81 15.5213
81 82 13.4736
82 83 43.8646
83 84 8.79117
84 85 34.4175
85 86 42.4288
86 87 23.4458
87 88 10.3627
88 89 49.1516
89 90 49.6459
90 91 49.1389
91 92 28.0274
92 93 12.1924
93 94 48.3177
94 95 39.0618
95 96 23.8607
96 97 3.51901
97 98 35.8594
98 99 28.1362
99 1 2.88982
100 100 75
1 2 10.0055
2 3 12.7755
3 4 45.6199
4 5 3.60451
5 6 43.4852
6 7 38.1469
7 8 16.1148
8 9 25.4208
9 10 4.11705
10 11 26.7182
11 12 44.5212
12 13 8.66424
13 14 11.216
14 15 20.3125
15 16 17.1777
16 17 35.1761
17 18 49.1802
18 19 12.6563
19 20 46.414
20 21 12.067
21 22 6.48513
22 23 49.5419
23 24 4.45537
24 25 21.3848
25 26 5.00128
26 27 8.15869
27 28 11.5454
28 29 12.831
29 30 22.153
30 31 36.3464
31 32 10.4026
32 33 32.1586
33 34 49.1219
34 35 6.02255
35 36 35.7631
36 37 42.6071
37 38 44.1695
38 39 1.87784
39 40 18.0279
40 41 48.2865
41 42 28.596
42 43 12.5491
43 44 6.95076
44 45 39.812
45 46 32.8616
46 47 24.1285
47 48 24.9881
48 49 32.0418
49 50 36.7847
50 51 21.4021
51 52 44.1087
52 53 43.2699
53 54 20.9439
54 55 48.5641
55 56 14.6547
56 57 25.9452
57 58 6.7228
58 59 26.2001
59 60 38.7762
60 61 28.8759
61 62 12.5465
62 63 49.1788
63 64 11.0344
64 65 11.6684
65 66 5.20134
66 67 46.7975
67 68 4.27547
68 69 49.3708
69 70 48.6754
70 71 22.3033
71 72 47.6573
72 73 27.2714
73 74 34.8525
74 75 4.60809
75 76 17.0834
76 77 17.7141
77 78 28.7365
78 79 42.0715
79 80 49.7559
80 81 15.5213
81 82 13.4736
82 83 43.8646
83 84 8.79117
84 85 34.4175
85 86 42.4288
86 87 23.4458
87 88 10.3627
88 89 49.1516
89 90 49.6459
90 91 49.1389
91 92 28.0274
92 93 12.1924
93 94 48.3177
94 95 39.0618
95 96 23.8607
96 97 3.51901
97 98 35.8594
98 99 28.1362
99 100 2.88982
100 1 34.5347
0
