2 1 1
1 2 10.0055
3 2 2
1 2 10.0055
1 3 12.7755
4 3 2
1 2 10.0055
1 3 12.7755
1 4 45.6199
5 4 3
1 2 10.0055
1 3 12.7755
1 4 45.6199
1 5 3.60451
6 5 3
1 2 10.0055
1 3 12.7755
1 4 45.6199
1 5 3.60451
1 6 43.4852
7 6 3
1 2 10.0055
1 3 12.7755
1 4 45.6199
1 5 3.60451
1 6 43.4852
1 7 38.1469
8 7 7
1 2 10.0055
1 3 12.7755
1 4 45.6199
1 5 3.60451
1 6 43.4852
1 7 38.1469
1 8 16.1148
9 8 4
1 2 10.0055
1 3 12.7755
1 4 45.6199
1 5 3.60451
1 6 43.4852
1 7 38.1469
1 8 16.1148
1 9 25.4208
10 9 9
1 2 10.0055
1 3 12.7755
1 4 45.6199
1 5 3.60451
1 6 43.4852
1 7 38.1469
1 8 16.1148
1 9 25.4208
1 10 4.11705
11 10 3
1 2 10.0055
1 3 12.7755
1 4 45.6199
1 5 3.60451
1 6 43.4852
1 7 38.1469
1 8 16.1148
1 9 25.4208
1 10 4.11705
1 11 26.7182
12 11 5
1 2 10.0055
1 3 12.7755
1 4 45.6199
1 5 3.60451
1 6 43.4852
1 7 38.1469
1 8 16.1148
1 9 25.4208
1 10 4.11705
1 11 26.7182
1 12 44.5212
13 12 7
1 2 10.0055
1 3 12.7755
1 4 45.6199
1 5 3.60451
1 6 43.4852
1 7 38.1469
1 8 16.1148
1 9 25.4208
1 10 4.11705
1 11 26.7182
1 12 44.5212
1 13 8.66424
14 13 2
1 2 10.0055
1 3 12.7755
1 4 45.6199
1 5 3.60451
1 6 43.4852
1 7 38.1469
1 8 16.1148
1 9 25.4208
1 10 4.11705
1 11 26.7182
1 12 44.5212
1 13 8.66424
1 14 11.216
15 14 6
1 2 10.0055
1 3 12.7755
1 4 45.6199
1 5 3.60451
1 6 43.4852
1 7 38.1469
1 8 16.1148
1 9 25.4208
1 10 4.11705
1 11 26.7182
1 12 44.5212
1 13 8.66424
1 14 11.216
1 15 20.3125
16 15 14
1 2 10.0055
1 3 12.7755
1 4 45.6199
1 5 3.60451
1 6 43.4852
1 7 38.1469
1 8 16.1148
1 9 25.4208
1 10 4.11705
1 11 26.7182
1 12 44.5212
1 13 8.66424
1 14 11.216
1 15 20.3125
1 16 17.1777
17 16 6
1 2 10.0055
1 3 12.7755
1 4 45.6199
1 5 3.60451
1 6 43.4852
1 7 38.1469
1 8 16.1148
1 9 25.4208
1 10 4.11705
1 11 26.7182
1 12 44.5212
1 13 8.66424
1 14 11.216
1 15 20.3125
1 16 17.1777
1 17 35.1761
18 17 16
1 2 10.0055
1 3 12.7755
1 4 45.6199
1 5 3.60451
1 6 43.4852
1 7 38.1469
1 8 16.1148
1 9 25.4208
1 10 4.11705
1 11 26.7182
1 12 44.5212
1 13 8.66424
1 14 11.216
1 15 20.3125
1 16 17.1777
1 17 35.1761
1 18 49.1802
19 18 3
1 2 10.0055
1 3 12.7755
1 4 45.6199
1 5 3.60451
1 6 43.4852
1 7 38.1469
1 8 16.1148
1 9 25.4208
1 10 4.11705
1 11 26.7182
1 12 44.5212
1 13 8.66424
1 14 11.216
1 15 20.3125
1 16 17.1777
1 17 35.1761
1 18 49.1802
1 19 12.6563
20 19 6
1 2 10.0055
1 3 12.7755
1 4 45.6199
1 5 3.60451
1 6 43.4852
1 7 38.1469
1 8 16.1148
1 9 25.4208
1 10 4.11705
1 11 26.7182
1 12 44.5212
1 13 8.66424
1 14 11.216
1 15 20.3125
1 16 17.1777
1 17 35.1761
1 18 49.1802
1 19 12.6563
1 20 46.414
21 20 16
1 2 10.0055
1 3 12.7755
1 4 45.6199
1 5 3.60451
1 6 43.4852
1 7 38.1469
1 8 16.1148
1 9 25.4208
1 10 4.11705
1 11 26.7182
1 12 44.5212
1 13 8.66424
1 14 11.216
1 15 20.3125
1 16 17.1777
1 17 35.1761
1 18 49.1802
1 19 12.6563
1 20 46.414
1 21 12.067
22 21 15
1 2 10.0055
1 3 12.7755
1 4 45.6199
1 5 3.60451
1 6 43.4852
1 7 38.1469
1 8 16.1148
1 9 25.4208
1 10 4.11705
1 11 26.7182
1 12 44.5212
1 13 8.66424
1 14 11.216
1 15 20.3125
1 16 17.1777
1 17 35.1761
1 18 49.1802
1 19 12.6563
1 20 46.414
1 21 12.067
1 22 6.48513
23 22 11
1 2 10.0055
1 3 12.7755
1 4 45.6199
1 5 3.60451
1 6 43.4852
1 7 38.1469
1 8 16.1148
1 9 25.4208
1 10 4.11705
1 11 26.7182
1 12 44.5212
1 13 8.66424
1 14 11.216
1 15 20.3125
1 16 17.1777
1 17 35.1761
1 18 49.1802
1 19 12.6563
1 20 46.414
1 21 12.067
1 22 6.48513
1 23 49.5419
24 23 8
1 2 10.0055
1 3 12.7755
1 4 45.6199
1 5 3.60451
1 6 43.4852
1 7 38.1469
1 8 16.1148
1 9 25.4208
1 10 4.11705
1 11 26.7182
1 12 44.5212
1 13 8.66424
1 14 11.216
1 15 20.3125
1 16 17.1777
1 17 35.1761
1 18 49.1802
1 19 12.6563
1 20 46.414
1 21 12.067
1 22 6.48513
1 23 49.5419
1 24 4.45537
25 24 3
1 2 10.0055
1 3 12.7755
1 4 45.6199
1 5 3.60451
1 6 43.4852
1 7 38.1469
1 8 16.1148
1 9 25.4208
1 10 4.11705
1 11 26.7182
1 12 44.5212
1 13 8.66424
1 14 11.216
1 15 20.3125
1 16 17.1777
1 17 35.1761
1 18 49.1802
1 19 12.6563
1 20 46.414
1 21 12.067
1 22 6.48513
1 23 49.5419
1 24 4.45537
1 25 21.3848
26 25 6
1 2 10.0055
1 3 12.7755
1 4 45.6199
1 5 3.60451
1 6 43.4852
1 7 38.1469
1 8 16.1148
1 9 25.4208
1 10 4.11705
1 11 26.7182
1 12 44.5212
1 13 8.66424
1 14 11.216
1 15 20.3125
1 16 17.1777
1 17 35.1761
1 18 49.1802
1 19 12.6563
1 20 46.414
1 21 12.067
1 22 6.48513
1 23 49.5419
1 24 4.45537
1 25 21.3848
1 26 5.00128
27 26 6
1 2 10.0055
1 3 12.7755
1 4 45.6199
1 5 3.60451
1 6 43.4852
1 7 38.1469
1 8 16.1148
1 9 25.4208
1 10 4.11705
1 11 26.7182
1 12 44.5212
1 13 8.66424
1 14 11.216
1 15 20.3125
1 16 17.1777
1 17 35.1761
1 18 49.1802
1 19 12.6563
1 20 46.414
1 21 12.067
1 22 6.48513
1 23 49.5419
1 24 4.45537
1 25 21.3848
1 26 5.00128
1 27 8.15869
28 27 26
1 2 10.0055
1 3 12.7755
1 4 45.6199
1 5 3.60451
1 6 43.4852
1 7 38.1469
1 8 16.1148
1 9 25.4208
1 10 4.11705
1 11 26.7182
1 12 44.5212
1 13 8.66424
1 14 11.216
1 15 20.3125
1 16 17.1777
1 17 35.1761
1 18 49.1802
1 19 12.6563
1 20 46.414
1 21 12.067
1 22 6.48513
1 23 49.5419
1 24 4.45537
1 25 21.3848
1 26 5.00128
1 27 8.15869
1 28 11.5454
29 28 24
1 2 10.0055
1 3 12.7755
1 4 45.6199
1 5 3.60451
1 6 43.4852
1 7 38.1469
1 8 16.1148
1 9 25.4208
1 10 4.11705
1 11 26.7182
1 12 44.5212
1 13 8.66424
1 14 11.216
1 15 20.3125
1 16 17.1777
1 17 35.1761
1 18 49.1802
1 19 12.6563
1 20 46.414
1 21 12.067
1 22 6.48513
1 23 49.5419
1 24 4.45537
1 25 21.3848
1 26 5.00128
1 27 8.15869
1 28 11.5454
1 29 12.831
30 29 7
1 2 10.0055
1 3 12.7755
1 4 45.6199
1 5 3.60451
1 6 43.4852
1 7 38.1469
1 8 16.1148
1 9 25.4208
1 10 4.11705
1 11 26.7182
1 12 44.5212
1 13 8.66424
1 14 11.216
1 15 20.3125
1 16 17.1777
1 17 35.1761
1 18 49.1802
1 19 12.6563
1 20 46.414
1 21 12.067
1 22 6.48513
1 23 49.5419
1 24 4.45537
1 25 21.3848
1 26 5.00128
1 27 8.15869
1 28 11.5454
1 29 12.831
1 30 22.153
31 30 4
1 2 10.0055
1 3 12.7755
1 4 45.6199
1 5 3.60451
1 6 43.4852
1 7 38.1469
1 8 16.1148
1 9 25.4208
1 10 4.11705
1 11 26.7182
1 12 44.5212
1 13 8.66424
1 14 11.216
1 15 20.3125
1 16 17.1777
1 17 35.1761
1 18 49.1802
1 19 12.6563
1 20 46.414
1 21 12.067
1 22 6.48513
1 23 49.5419
1 24 4.45537
1 25 21.3848
1 26 5.00128
1 27 8.15869
1 28 11.5454
1 29 12.831
1 30 22.153
1 31 36.3464
32 31 14
1 2 10.0055
1 3 12.7755
1 4 45.6199
1 5 3.60451
1 6 43.4852
1 7 38.1469
1 8 16.1148
1 9 25.4208
1 10 4.11705
1 11 26.7182
1 12 44.5212
1 13 8.66424
1 14 11.216
1 15 20.3125
1 16 17.1777
1 17 35.1761
1 18 49.1802
1 19 12.6563
1 20 46.414
1 21 12.067
1 22 6.48513
1 23 49.5419
1 24 4.45537
1 25 21.3848
1 26 5.00128
1 27 8.15869
1 28 11.5454
1 29 12.831
1 30 22.153
1 31 36.3464
1 32 10.4026
33 32 15
1 2 10.0055
1 3 12.7755
1 4 45.6199
1 5 3.60451
1 6 43.4852
1 7 38.1469
1 8 16.1148
1 9 25.4208
1 10 4.11705
1 11 26.7182
1 12 44.5212
1 13 8.66424
1 14 11.216
1 15 20.3125
1 16 17.1777
1 17 35.1761
1 18 49.1802
1 19 12.6563
1 20 46.414
1 21 12.067
1 22 6.48513
1 23 49.5419
1 24 4.45537
1 25 21.3848
1 26 5.00128
1 27 8.15869
1 28 11.5454
1 29 12.831
1 30 22.153
1 31 36.3464
1 32 10.4026
1 33 32.1586
34 33 27
1 2 10.0055
1 3 12.7755
1 4 45.6199
1 5 3.60451
1 6 43.4852
1 7 38.1469
1 8 16.1148
1 9 25.4208
1 10 4.11705
1 11 26.7182
1 12 44.5212
1 13 8.66424
1 14 11.216
1 15 20.3125
1 16 17.1777
1 17 35.1761
1 18 49.1802
1 19 12.6563
1 20 46.414
1 21 12.067
1 22 6.48513
1 23 49.5419
1 24 4.45537
1 25 21.3848
1 26 5.00128
1 27 8.15869
1 28 11.5454
1 29 12.831
1 30 22.153
1 31 36.3464
1 32 10.4026
1 33 32.1586
1 34 49.1219
35 34 11
1 2 10.0055
1 3 12.7755
1 4 45.6199
1 5 3.60451
1 6 43.4852
1 7 38.1469
1 8 16.1148
1 9 25.4208
1 10 4.11705
1 11 26.7182
1 12 44.5212
1 13 8.66424
1 14 11.216
1 15 20.3125
1 16 17.1777
1 17 35.1761
1 18 49.1802
1 19 12.6563
1 20 46.414
1 21 12.067
1 22 6.48513
1 23 49.5419
1 24 4.45537
1 25 21.3848
1 26 5.00128
1 27 8.15869
1 28 11.5454
1 29 12.831
1 30 22.153
1 31 36.3464
1 32 10.4026
1 33 32.1586
1 34 49.1219
1 35 6.02255
36 35 9
1 2 10.0055
1 3 12.7755
1 4 45.6199
1 5 3.60451
1 6 43.4852
1 7 38.1469
1 8 16.1148
1 9 25.4208
1 10 4.11705
1 11 26.7182
1 12 44.5212
1 13 8.66424
1 14 11.216
1 15 20.3125
1 16 17.1777
1 17 35.1761
1 18 49.1802
1 19 12.6563
1 20 46.414
1 21 12.067
1 22 6.48513
1 23 49.5419
1 24 4.45537
1 25 21.3848
1 26 5.00128
1 27 8.15869
1 28 11.5454
1 29 12.831
1 30 22.153
1 31 36.3464
1 32 10.4026
1 33 32.1586
1 34 49.1219
1 35 6.02255
1 36 35.7631
37 36 11
1 2 10.0055
1 3 12.7755
1 4 45.6199
1 5 3.60451
1 6 43.4852
1 7 38.1469
1 8 16.1148
1 9 25.4208
1 10 4.11705
1 11 26.7182
1 12 44.5212
1 13 8.66424
1 14 11.216
1 15 20.3125
1 16 17.1777
1 17 35.1761
1 18 49.1802
1 19 12.6563
1 20 46.414
1 21 12.067
1 22 6.48513
1 23 49.5419
1 24 4.45537
1 25 21.3848
1 26 5.00128
1 27 8.15869
1 28 11.5454
1 29 12.831
1 30 22.153
1 31 36.3464
1 32 10.4026
1 33 32.1586
1 34 49.1219
1 35 6.02255
1 36 35.7631
1 37 42.6071
38 37 36
1 2 10.0055
1 3 12.7755
1 4 45.6199
1 5 3.60451
1 6 43.4852
1 7 38.1469
1 8 16.1148
1 9 25.4208
1 10 4.11705
1 11 26.7182
1 12 44.5212
1 13 8.66424
1 14 11.216
1 15 20.3125
1 16 17.1777
1 17 35.1761
1 18 49.1802
1 19 12.6563
1 20 46.414
1 21 12.067
1 22 6.48513
1 23 49.5419
1 24 4.45537
1 25 21.3848
1 26 5.00128
1 27 8.15869
1 28 11.5454
1 29 12.831
1 30 22.153
1 31 36.3464
1 32 10.4026
1 33 32.1586
1 34 49.1219
1 35 6.02255
1 36 35.7631
1 37 42.6071
1 38 44.1695
39 38 33
1 2 10.0055
1 3 12.7755
1 4 45.6199
1 5 3.60451
1 6 43.4852
1 7 38.1469
1 8 16.1148
1 9 25.4208
1 10 4.11705
1 11 26.7182
1 12 44.5212
1 13 8.66424
1 14 11.216
1 15 20.3125
1 16 17.1777
1 17 35.1761
1 18 49.1802
1 19 12.6563
1 20 46.414
1 21 12.067
1 22 6.48513
1 23 49.5419
1 24 4.45537
1 25 21.3848
1 26 5.00128
1 27 8.15869
1 28 11.5454
1 29 12.831
1 30 22.153
1 31 36.3464
1 32 10.4026
1 33 32.1586
1 34 49.1219
1 35 6.02255
1 36 35.7631
1 37 42.6071
1 38 44.1695
1 39 1.87784
40 39 38
1 2 10.0055
1 3 12.7755
1 4 45.6199
1 5 3.60451
1 6 43.4852
1 7 38.1469
1 8 16.1148
1 9 25.4208
1 10 4.11705
1 11 26.7182
1 12 44.5212
1 13 8.66424
1 14 11.216
1 15 20.3125
1 16 17.1777
1 17 35.1761
1 18 49.1802
1 19 12.6563
1 20 46.414
1 21 12.067
1 22 6.48513
1 23 49.5419
1 24 4.45537
1 25 21.3848
1 26 5.00128
1 27 8.15869
1 28 11.5454
1 29 12.831
1 30 22.153
1 31 36.3464
1 32 10.4026
1 33 32.1586
1 34 49.1219
1 35 6.02255
1 36 35.7631
1 37 42.6071
1 38 44.1695
1 39 1.87784
1 40 18.0279
41 40 7
1 2 10.0055
1 3 12.7755
1 4 45.6199
1 5 3.60451
1 6 43.4852
1 7 38.1469
1 8 16.1148
1 9 25.4208
1 10 4.11705
1 11 26.7182
1 12 44.5212
1 13 8.66424
1 14 11.216
1 15 20.3125
1 16 17.1777
1 17 35.1761
1 18 49.1802
1 19 12.6563
1 20 46.414
1 21 12.067
1 22 6.48513
1 23 49.5419
1 24 4.45537
1 25 21.3848
1 26 5.00128
1 27 8.15869
1 28 11.5454
1 29 12.831
1 30 22.153
1 31 36.3464
1 32 10.4026
1 33 32.1586
1 34 49.1219
1 35 6.02255
1 36 35.7631
1 37 42.6071
1 38 44.1695
1 39 1.87784
1 40 18.0279
1 41 48.2865
42 41 13
1 2 10.0055
1 3 12.7755
1 4 45.6199
1 5 3.60451
1 6 43.4852
1 7 38.1469
1 8 16.1148
1 9 25.4208
1 10 4.11705
1 11 26.7182
1 12 44.5212
1 13 8.66424
1 14 11.216
1 15 20.3125
1 16 17.1777
1 17 35.1761
1 18 49.1802
1 19 12.6563
1 20 46.414
1 21 12.067
1 22 6.48513
1 23 49.5419
1 24 4.45537
1 25 21.3848
1 26 5.00128
1 27 8.15869
1 28 11.5454
1 29 12.831
1 30 22.153
1 31 36.3464
1 32 10.4026
1 33 32.1586
1 34 49.1219
1 35 6.02255
1 36 35.7631
1 37 42.6071
1 38 44.1695
1 39 1.87784
1 40 18.0279
1 41 48.2865
1 42 28.596
43 42 15
1 2 10.0055
1 3 12.7755
1 4 45.6199
1 5 3.60451
1 6 43.4852
1 7 38.1469
1 8 16.1148
1 9 25.4208
1 10 4.11705
1 11 26.7182
1 12 44.5212
1 13 8.66424
1 14 11.216
1 15 20.3125
1 16 17.1777
1 17 35.1761
1 18 49.1802
1 19 12.6563
1 20 46.414
1 21 12.067
1 22 6.48513
1 23 49.5419
1 24 4.45537
1 25 21.3848
1 26 5.00128
1 27 8.15869
1 28 11.5454
1 29 12.831
1 30 22.153
1 31 36.3464
1 32 10.4026
1 33 32.1586
1 34 49.1219
1 35 6.02255
1 36 35.7631
1 37 42.6071
1 38 44.1695
1 39 1.87784
1 40 18.0279
1 41 48.2865
1 42 28.596
1 43 12.5491
44 43 13
1 2 10.0055
1 3 12.7755
1 4 45.6199
1 5 3.60451
1 6 43.4852
1 7 38.1469
1 8 16.1148
1 9 25.4208
1 10 4.11705
1 11 26.7182
1 12 44.5212
1 13 8.66424
1 14 11.216
1 15 20.3125
1 16 17.1777
1 17 35.1761
1 18 49.1802
1 19 12.6563
1 20 46.414
1 21 12.067
1 22 6.48513
1 23 49.5419
1 24 4.45537
1 25 21.3848
1 26 5.00128
1 27 8.15869
1 28 11.5454
1 29 12.831
1 30 22.153
1 31 36.3464
1 32 10.4026
1 33 32.1586
1 34 49.1219
1 35 6.02255
1 36 35.7631
1 37 42.6071
1 38 44.1695
1 39 1.87784
1 40 18.0279
1 41 48.2865
1 42 28.596
1 43 12.5491
1 44 6.95076
45 44 7
1 2 10.0055
1 3 12.7755
1 4 45.6199
1 5 3.60451
1 6 43.4852
1 7 38.1469
1 8 16.1148
1 9 25.4208
1 10 4.11705
1 11 26.7182
1 12 44.5212
1 13 8.66424
1 14 11.216
1 15 20.3125
1 16 17.1777
1 17 35.1761
1 18 49.1802
1 19 12.6563
1 20 46.414
1 21 12.067
1 22 6.48513
1 23 49.5419
1 24 4.45537
1 25 21.3848
1 26 5.00128
1 27 8.15869
1 28 11.5454
1 29 12.831
1 30 22.153
1 31 36.3464
1 32 10.4026
1 33 32.1586
1 34 49.1219
1 35 6.02255
1 36 35.7631
1 37 42.6071
1 38 44.1695
1 39 1.87784
1 40 18.0279
1 41 48.2865
1 42 28.596
1 43 12.5491
1 44 6.95076
1 45 39.812
46 45 24
1 2 10.0055
1 3 12.7755
1 4 45.6199
1 5 3.60451
1 6 43.4852
1 7 38.1469
1 8 16.1148
1 9 25.4208
1 10 4.11705
1 11 26.7182
1 12 44.5212
1 13 8.66424
1 14 11.216
1 15 20.3125
1 16 17.1777
1 17 35.1761
1 18 49.1802
1 19 12.6563
1 20 46.414
1 21 12.067
1 22 6.48513
1 23 49.5419
1 24 4.45537
1 25 21.3848
1 26 5.00128
1 27 8.15869
1 28 11.5454
1 29 12.831
1 30 22.153
1 31 36.3464
1 32 10.4026
1 33 32.1586
1 34 49.1219
1 35 6.02255
1 36 35.7631
1 37 42.6071
1 38 44.1695
1 39 1.87784
1 40 18.0279
1 41 48.2865
1 42 28.596
1 43 12.5491
1 44 6.95076
1 45 39.812
1 46 32.8616
47 46 41
1 2 10.0055
1 3 12.7755
1 4 45.6199
1 5 3.60451
1 6 43.4852
1 7 38.1469
1 8 16.1148
1 9 25.4208
1 10 4.11705
1 11 26.7182
1 12 44.5212
1 13 8.66424
1 14 11.216
1 15 20.3125
1 16 17.1777
1 17 35.1761
1 18 49.1802
1 19 12.6563
1 20 46.414
1 21 12.067
1 22 6.48513
1 23 49.5419
1 24 4.45537
1 25 21.3848
1 26 5.00128
1 27 8.15869
1 28 11.5454
1 29 12.831
1 30 22.153
1 31 36.3464
1 32 10.4026
1 33 32.1586
1 34 49.1219
1 35 6.02255
1 36 35.7631
1 37 42.6071
1 38 44.1695
1 39 1.87784
1 40 18.0279
1 41 48.2865
1 42 28.596
1 43 12.5491
1 44 6.95076
1 45 39.812
1 46 32.8616
1 47 24.1285
48 47 28
1 2 10.0055
1 3 12.7755
1 4 45.6199
1 5 3.60451
1 6 43.4852
1 7 38.1469
1 8 16.1148
1 9 25.4208
1 10 4.11705
1 11 26.7182
1 12 44.5212
1 13 8.66424
1 14 11.216
1 15 20.3125
1 16 17.1777
1 17 35.1761
1 18 49.1802
1 19 12.6563
1 20 46.414
1 21 12.067
1 22 6.48513
1 23 49.5419
1 24 4.45537
1 25 21.3848
1 26 5.00128
1 27 8.15869
1 28 11.5454
1 29 12.831
1 30 22.153
1 31 36.3464
1 32 10.4026
1 33 32.1586
1 34 49.1219
1 35 6.02255
1 36 35.7631
1 37 42.6071
1 38 44.1695
1 39 1.87784
1 40 18.0279
1 41 48.2865
1 42 28.596
1 43 12.5491
1 44 6.95076
1 45 39.812
1 46 32.8616
1 47 24.1285
1 48 24.9881
49 48 32
1 2 10.0055
1 3 12.7755
1 4 45.6199
1 5 3.60451
1 6 43.4852
1 7 38.1469
1 8 16.1148
1 9 25.4208
1 10 4.11705
1 11 26.7182
1 12 44.5212
1 13 8.66424
1 14 11.216
1 15 20.3125
1 16 17.1777
1 17 35.1761
1 18 49.1802
1 19 12.6563
1 20 46.414
1 21 12.067
1 22 6.48513
1 23 49.5419
1 24 4.45537
1 25 21.3848
1 26 5.00128
1 27 8.15869
1 28 11.5454
1 29 12.831
1 30 22.153
1 31 36.3464
1 32 10.4026
1 33 32.1586
1 34 49.1219
1 35 6.02255
1 36 35.7631
1 37 42.6071
1 38 44.1695
1 39 1.87784
1 40 18.0279
1 41 48.2865
1 42 28.596
1 43 12.5491
1 44 6.95076
1 45 39.812
1 46 32.8616
1 47 24.1285
1 48 24.9881
1 49 32.0418
50 49 32
1 2 10.0055
1 3 12.7755
1 4 45.6199
1 5 3.60451
1 6 43.4852
1 7 38.1469
1 8 16.1148
1 9 25.4208
1 10 4.11705
1 11 26.7182
1 12 44.5212
1 13 8.66424
1 14 11.216
1 15 20.3125
1 16 17.1777
1 17 35.1761
1 18 49.1802
1 19 12.6563
1 20 46.414
1 21 12.067
1 22 6.48513
1 23 49.5419
1 24 4.45537
1 25 21.3848
1 26 5.00128
1 27 8.15869
1 28 11.5454
1 29 12.831
1 30 22.153
1 31 36.3464
1 32 10.4026
1 33 32.1586
1 34 49.1219
1 35 6.02255
1 36 35.7631
1 37 42.6071
1 38 44.1695
1 39 1.87784
1 40 18.0279
1 41 48.2865
1 42 28.596
1 43 12.5491
1 44 6.95076
1 45 39.812
1 46 32.8616
1 47 24.1285
1 48 24.9881
1 49 32.0418
1 50 36.7847
51 50 15
1 2 10.0055
1 3 12.7755
1 4 45.6199
1 5 3.60451
1 6 43.4852
1 7 38.1469
1 8 16.1148
1 9 25.4208
1 10 4.11705
1 11 26.7182
1 12 44.5212
1 13 8.66424
1 14 11.216
1 15 20.3125
1 16 17.1777
1 17 35.1761
1 18 49.1802
1 19 12.6563
1 20 46.414
1 21 12.067
1 22 6.48513
1 23 49.5419
1 24 4.45537
1 25 21.3848
1 26 5.00128
1 27 8.15869
1 28 11.5454
1 29 12.831
1 30 22.153
1 31 36.3464
1 32 10.4026
1 33 32.1586
1 34 49.1219
1 35 6.02255
1 36 35.7631
1 37 42.6071
1 38 44.1695
1 39 1.87784
1 40 18.0279
1 41 48.2865
1 42 28.596
1 43 12.5491
1 44 6.95076
1 45 39.812
1 46 32.8616
1 47 24.1285
1 48 24.9881
1 49 32.0418
1 50 36.7847
1 51 21.4021
52 51 27
1 2 10.0055
1 3 12.7755
1 4 45.6199
1 5 3.60451
1 6 43.4852
1 7 38.1469
1 8 16.1148
1 9 25.4208
1 10 4.11705
1 11 26.7182
1 12 44.5212
1 13 8.66424
1 14 11.216
1 15 20.3125
1 16 17.1777
1 17 35.1761
1 18 49.1802
1 19 12.6563
1 20 46.414
1 21 12.067
1 22 6.48513
1 23 49.5419
1 24 4.45537
1 25 21.3848
1 26 5.00128
1 27 8.15869
1 28 11.5454
1 29 12.831
1 30 22.153
1 31 36.3464
1 32 10.4026
1 33 32.1586
1 34 49.1219
1 35 6.02255
1 36 35.7631
1 37 42.6071
1 38 44.1695
1 39 1.87784
1 40 18.0279
1 41 48.2865
1 42 28.596
1 43 12.5491
1 44 6.95076
1 45 39.812
1 46 32.8616
1 47 24.1285
1 48 24.9881
1 49 32.0418
1 50 36.7847
1 51 21.4021
1 52 44.1087
53 52 2
1 2 10.0055
1 3 12.7755
1 4 45.6199
1 5 3.60451
1 6 43.4852
1 7 38.1469
1 8 16.1148
1 9 25.4208
1 10 4.11705
1 11 26.7182
1 12 44.5212
1 13 8.66424
1 14 11.216
1 15 20.3125
1 16 17.1777
1 17 35.1761
1 18 49.1802
1 19 12.6563
1 20 46.414
1 21 12.067
1 22 6.48513
1 23 49.5419
1 24 4.45537
1 25 21.3848
1 26 5.00128
1 27 8.15869
1 28 11.5454
1 29 12.831
1 30 22.153
1 31 36.3464
1 32 10.4026
1 33 32.1586
1 34 49.1219
1 35 6.02255
1 36 35.7631
1 37 42.6071
1 38 44.1695
1 39 1.87784
1 40 18.0279
1 41 48.2865
1 42 28.596
1 43 12.5491
1 44 6.95076
1 45 39.812
1 46 32.8616
1 47 24.1285
1 48 24.9881
1 49 32.0418
1 50 36.7847
1 51 21.4021
1 52 44.1087
1 53 43.2699
54 53 43
1 2 10.0055
1 3 12.7755
1 4 45.6199
1 5 3.60451
1 6 43.4852
1 7 38.1469
1 8 16.1148
1 9 25.4208
1 10 4.11705
1 11 26.7182
1 12 44.5212
1 13 8.66424
1 14 11.216
1 15 20.3125
1 16 17.1777
1 17 35.1761
1 18 49.1802
1 19 12.6563
1 20 46.414
1 21 12.067
1 22 6.48513
1 23 49.5419
1 24 4.45537
1 25 21.3848
1 26 5.00128
1 27 8.15869
1 28 11.5454
1 29 12.831
1 30 22.153
1 31 36.3464
1 32 10.4026
1 33 32.1586
1 34 49.1219
1 35 6.02255
1 36 35.7631
1 37 42.6071
1 38 44.1695
1 39 1.87784
1 40 18.0279
1 41 48.2865
1 42 28.596
1 43 12.5491
1 44 6.95076
1 45 39.812
1 46 32.8616
1 47 24.1285
1 48 24.9881
1 49 32.0418
1 50 36.7847
1 51 21.4021
1 52 44.1087
1 53 43.2699
1 54 20.9439
55 54 35
1 2 10.0055
1 3 12.7755
1 4 45.6199
1 5 3.60451
1 6 43.4852
1 7 38.1469
1 8 16.1148
1 9 25.4208
1 10 4.11705
1 11 26.7182
1 12 44.5212
1 13 8.66424
1 14 11.216
1 15 20.3125
1 16 17.1777
1 17 35.1761
1 18 49.1802
1 19 12.6563
1 20 46.414
1 21 12.067
1 22 6.48513
1 23 49.5419
1 24 4.45537
1 25 21.3848
1 26 5.00128
1 27 8.15869
1 28 11.5454
1 29 12.831
1 30 22.153
1 31 36.3464
1 32 10.4026
1 33 32.1586
1 34 49.1219
1 35 6.02255
1 36 35.7631
1 37 42.6071
1 38 44.1695
1 39 1.87784
1 40 18.0279
1 41 48.2865
1 42 28.596
1 43 12.5491
1 44 6.95076
1 45 39.812
1 46 32.8616
1 47 24.1285
1 48 24.9881
1 49 32.0418
1 50 36.7847
1 51 21.4021
1 52 44.1087
1 53 43.2699
1 54 20.9439
1 55 48.5641
56 55 10
1 2 10.0055
1 3 12.7755
1 4 45.6199
1 5 3.60451
1 6 43.4852
1 7 38.1469
1 8 16.1148
1 9 25.4208
1 10 4.11705
1 11 26.7182
1 12 44.5212
1 13 8.66424
1 14 11.216
1 15 20.3125
1 16 17.1777
1 17 35.1761
1 18 49.1802
1 19 12.6563
1 20 46.414
1 21 12.067
1 22 6.48513
1 23 49.5419
1 24 4.45537
1 25 21.3848
1 26 5.00128
1 27 8.15869
1 28 11.5454
1 29 12.831
1 30 22.153
1 31 36.3464
1 32 10.4026
1 33 32.1586
1 34 49.1219
1 35 6.02255
1 36 35.7631
1 37 42.6071
1 38 44.1695
1 39 1.87784
1 40 18.0279
1 41 48.2865
1 42 28.596
1 43 12.5491
1 44 6.95076
1 45 39.812
1 46 32.8616
1 47 24.1285
1 48 24.9881
1 49 32.0418
1 50 36.7847
1 51 21.4021
1 52 44.1087
1 53 43.2699
1 54 20.9439
1 55 48.5641
1 56 14.6547
57 56 35
1 2 10.0055
1 3 12.7755
1 4 45.6199
1 5 3.60451
1 6 43.4852
1 7 38.1469
1 8 16.1148
1 9 25.4208
1 10 4.11705
1 11 26.7182
1 12 44.5212
1 13 8.66424
1 14 11.216
1 15 20.3125
1 16 17.1777
1 17 35.1761
1 18 49.1802
1 19 12.6563
1 20 46.414
1 21 12.067
1 22 6.48513
1 23 49.5419
1 24 4.45537
1 25 21.3848
1 26 5.00128
1 27 8.15869
1 28 11.5454
1 29 12.831
1 30 22.153
1 31 36.3464
1 32 10.4026
1 33 32.1586
1 34 49.1219
1 35 6.02255
1 36 35.7631
1 37 42.6071
1 38 44.1695
1 39 1.87784
1 40 18.0279
1 41 48.2865
1 42 28.596
1 43 12.5491
1 44 6.95076
1 45 39.812
1 46 32.8616
1 47 24.1285
1 48 24.9881
1 49 32.0418
1 50 36.7847
1 51 21.4021
1 52 44.1087
1 53 43.2699
1 54 20.9439
1 55 48.5641
1 56 14.6547
1 57 25.9452
58 57 11
1 2 10.0055
1 3 12.7755
1 4 45.6199
1 5 3.60451
1 6 43.4852
1 7 38.1469
1 8 16.1148
1 9 25.4208
1 10 4.11705
1 11 26.7182
1 12 44.5212
1 13 8.66424
1 14 11.216
1 15 20.3125
1 16 17.1777
1 17 35.1761
1 18 49.1802
1 19 12.6563
1 20 46.414
1 21 12.067
1 22 6.48513
1 23 49.5419
1 24 4.45537
1 25 21.3848
1 26 5.00128
1 27 8.15869
1 28 11.5454
1 29 12.831
1 30 22.153
1 31 36.3464
1 32 10.4026
1 33 32.1586
1 34 49.1219
1 35 6.02255
1 36 35.7631
1 37 42.6071
1 38 44.1695
1 39 1.87784
1 40 18.0279
1 41 48.2865
1 42 28.596
1 43 12.5491
1 44 6.95076
1 45 39.812
1 46 32.8616
1 47 24.1285
1 48 24.9881
1 49 32.0418
1 50 36.7847
1 51 21.4021
1 52 44.1087
1 53 43.2699
1 54 20.9439
1 55 48.5641
1 56 14.6547
1 57 25.9452
1 58 6.7228
59 58 4
1 2 10.0055
1 3 12.7755
1 4 45.6199
1 5 3.60451
1 6 43.4852
1 7 38.1469
1 8 16.1148
1 9 25.4208
1 10 4.11705
1 11 26.7182
1 12 44.5212
1 13 8.66424
1 14 11.216
1 15 20.3125
1 16 17.1777
1 17 35.1761
1 18 49.1802
1 19 12.6563
1 20 46.414
1 21 12.067
1 22 6.48513
1 23 49.5419
1 24 4.45537
1 25 21.3848
1 26 5.00128
1 27 8.15869
1 28 11.5454
1 29 12.831
1 30 22.153
1 31 36.3464
1 32 10.4026
1 33 32.1586
1 34 49.1219
1 35 6.02255
1 36 35.7631
1 37 42.6071
1 38 44.1695
1 39 1.87784
1 40 18.0279
1 41 48.2865
1 42 28.596
1 43 12.5491
1 44 6.95076
1 45 39.812
1 46 32.8616
1 47 24.1285
1 48 24.9881
1 49 32.0418
1 50 36.7847
1 51 21.4021
1 52 44.1087
1 53 43.2699
1 54 20.9439
1 55 48.5641
1 56 14.6547
1 57 25.9452
1 58 6.7228
1 59 26.2001
60 59 52
1 2 10.0055
1 3 12.7755
1 4 45.6199
1 5 3.60451
1 6 43.4852
1 7 38.1469
1 8 16.1148
1 9 25.4208
1 10 4.11705
1 11 26.7182
1 12 44.5212
1 13 8.66424
1 14 11.216
1 15 20.3125
1 16 17.1777
1 17 35.1761
1 18 49.1802
1 19 12.6563
1 20 46.414
1 21 12.067
1 22 6.48513
1 23 49.5419
1 24 4.45537
1 25 21.3848
1 26 5.00128
1 27 8.15869
1 28 11.5454
1 29 12.831
1 30 22.153
1 31 36.3464
1 32 10.4026
1 33 32.1586
1 34 49.1219
1 35 6.02255
1 36 35.7631
1 37 42.6071
1 38 44.1695
1 39 1.87784
1 40 18.0279
1 41 48.2865
1 42 28.596
1 43 12.5491
1 44 6.95076
1 45 39.812
1 46 32.8616
1 47 24.1285
1 48 24.9881
1 49 32.0418
1 50 36.7847
1 51 21.4021
1 52 44.1087
1 53 43.2699
1 54 20.9439
1 55 48.5641
1 56 14.6547
1 57 25.9452
1 58 6.7228
1 59 26.2001
1 60 38.7762
61 60 5
1 2 10.0055
1 3 12.7755
1 4 45.6199
1 5 3.60451
1 6 43.4852
1 7 38.1469
1 8 16.1148
1 9 25.4208
1 10 4.11705
1 11 26.7182
1 12 44.5212
1 13 8.66424
1 14 11.216
1 15 20.3125
1 16 17.1777
1 17 35.1761
1 18 49.1802
1 19 12.6563
1 20 46.414
1 21 12.067
1 22 6.48513
1 23 49.5419
1 24 4.45537
1 25 21.3848
1 26 5.00128
1 27 8.15869
1 28 11.5454
1 29 12.831
1 30 22.153
1 31 36.3464
1 32 10.4026
1 33 32.1586
1 34 49.1219
1 35 6.02255
1 36 35.7631
1 37 42.6071
1 38 44.1695
1 39 1.87784
1 40 18.0279
1 41 48.2865
1 42 28.596
1 43 12.5491
1 44 6.95076
1 45 39.812
1 46 32.8616
1 47 24.1285
1 48 24.9881
1 49 32.0418
1 50 36.7847
1 51 21.4021
1 52 44.1087
1 53 43.2699
1 54 20.9439
1 55 48.5641
1 56 14.6547
1 57 25.9452
1 58 6.7228
1 59 26.2001
1 60 38.7762
1 61 28.8759
62 61 54
1 2 10.0055
1 3 12.7755
1 4 45.6199
1 5 3.60451
1 6 43.4852
1 7 38.1469
1 8 16.1148
1 9 25.4208
1 10 4.11705
1 11 26.7182
1 12 44.5212
1 13 8.66424
1 14 11.216
1 15 20.3125
1 16 17.1777
1 17 35.1761
1 18 49.1802
1 19 12.6563
1 20 46.414
1 21 12.067
1 22 6.48513
1 23 49.5419
1 24 4.45537
1 25 21.3848
1 26 5.00128
1 27 8.15869
1 28 11.5454
1 29 12.831
1 30 22.153
1 31 36.3464
1 32 10.4026
1 33 32.1586
1 34 49.1219
1 35 6.02255
1 36 35.7631
1 37 42.6071
1 38 44.1695
1 39 1.87784
1 40 18.0279
1 41 48.2865
1 42 28.596
1 43 12.5491
1 44 6.95076
1 45 39.812
1 46 32.8616
1 47 24.1285
1 48 24.9881
1 49 32.0418
1 50 36.7847
1 51 21.4021
1 52 44.1087
1 53 43.2699
1 54 20.9439
1 55 48.5641
1 56 14.6547
1 57 25.9452
1 58 6.7228
1 59 26.2001
1 60 38.7762
1 61 28.8759
1 62 12.5465
63 62 39
1 2 10.0055
1 3 12.7755
1 4 45.6199
1 5 3.60451
1 6 43.4852
1 7 38.1469
1 8 16.1148
1 9 25.4208
1 10 4.11705
1 11 26.7182
1 12 44.5212
1 13 8.66424
1 14 11.216
1 15 20.3125
1 16 17.1777
1 17 35.1761
1 18 49.1802
1 19 12.6563
1 20 46.414
1 21 12.067
1 22 6.48513
1 23 49.5419
1 24 4.45537
1 25 21.3848
1 26 5.00128
1 27 8.15869
1 28 11.5454
1 29 12.831
1 30 22.153
1 31 36.3464
1 32 10.4026
1 33 32.1586
1 34 49.1219
1 35 6.02255
1 36 35.7631
1 37 42.6071
1 38 44.1695
1 39 1.87784
1 40 18.0279
1 41 48.2865
1 42 28.596
1 43 12.5491
1 44 6.95076
1 45 39.812
1 46 32.8616
1 47 24.1285
1 48 24.9881
1 49 32.0418
1 50 36.7847
1 51 21.4021
1 52 44.1087
1 53 43.2699
1 54 20.9439
1 55 48.5641
1 56 14.6547
1 57 25.9452
1 58 6.7228
1 59 26.2001
1 60 38.7762
1 61 28.8759
1 62 12.5465
1 63 49.1788
64 63 13
1 2 10.0055
1 3 12.7755
1 4 45.6199
1 5 3.60451
1 6 43.4852
1 7 38.1469
1 8 16.1148
1 9 25.4208
1 10 4.11705
1 11 26.7182
1 12 44.5212
1 13 8.66424
1 14 11.216
1 15 20.3125
1 16 17.1777
1 17 35.1761
1 18 49.1802
1 19 12.6563
1 20 46.414
1 21 12.067
1 22 6.48513
1 23 49.5419
1 24 4.45537
1 25 21.3848
1 26 5.00128
1 27 8.15869
1 28 11.5454
1 29 12.831
1 30 22.153
1 31 36.3464
1 32 10.4026
1 33 32.1586
1 34 49.1219
1 35 6.02255
1 36 35.7631
1 37 42.6071
1 38 44.1695
1 39 1.87784
1 40 18.0279
1 41 48.2865
1 42 28.596
1 43 12.5491
1 44 6.95076
1 45 39.812
1 46 32.8616
1 47 24.1285
1 48 24.9881
1 49 32.0418
1 50 36.7847
1 51 21.4021
1 52 44.1087
1 53 43.2699
1 54 20.9439
1 55 48.5641
1 56 14.6547
1 57 25.9452
1 58 6.7228
1 59 26.2001
1 60 38.7762
1 61 28.8759
1 62 12.5465
1 63 49.1788
1 64 11.0344
65 64 10
1 2 10.0055
1 3 12.7755
1 4 45.6199
1 5 3.60451
1 6 43.4852
1 7 38.1469
1 8 16.1148
1 9 25.4208
1 10 4.11705
1 11 26.7182
1 12 44.5212
1 13 8.66424
1 14 11.216
1 15 20.3125
1 16 17.1777
1 17 35.1761
1 18 49.1802
1 19 12.6563
1 20 46.414
1 21 12.067
1 22 6.48513
1 23 49.5419
1 24 4.45537
1 25 21.3848
1 26 5.00128
1 27 8.15869
1 28 11.5454
1 29 12.831
1 30 22.153
1 31 36.3464
1 32 10.4026
1 33 32.1586
1 34 49.1219
1 35 6.02255
1 36 35.7631
1 37 42.6071
1 38 44.1695
1 39 1.87784
1 40 18.0279
1 41 48.2865
1 42 28.596
1 43 12.5491
1 44 6.95076
1 45 39.812
1 46 32.8616
1 47 24.1285
1 48 24.9881
1 49 32.0418
1 50 36.7847
1 51 21.4021
1 52 44.1087
1 53 43.2699
1 54 20.9439
1 55 48.5641
1 56 14.6547
1 57 25.9452
1 58 6.7228
1 59 26.2001
1 60 38.7762
1 61 28.8759
1 62 12.5465
1 63 49.1788
1 64 11.0344
1 65 11.6684
66 65 34
1 2 10.0055
1 3 12.7755
1 4 45.6199
1 5 3.60451
1 6 43.4852
1 7 38.1469
1 8 16.1148
1 9 25.4208
1 10 4.11705
1 11 26.7182
1 12 44.5212
1 13 8.66424
1 14 11.216
1 15 20.3125
1 16 17.1777
1 17 35.1761
1 18 49.1802
1 19 12.6563
1 20 46.414
1 21 12.067
1 22 6.48513
1 23 49.5419
1 24 4.45537
1 25 21.3848
1 26 5.00128
1 27 8.15869
1 28 11.5454
1 29 12.831
1 30 22.153
1 31 36.3464
1 32 10.4026
1 33 32.1586
1 34 49.1219
1 35 6.02255
1 36 35.7631
1 37 42.6071
1 38 44.1695
1 39 1.87784
1 40 18.0279
1 41 48.2865
1 42 28.596
1 43 12.5491
1 44 6.95076
1 45 39.812
1 46 32.8616
1 47 24.1285
1 48 24.9881
1 49 32.0418
1 50 36.7847
1 51 21.4021
1 52 44.1087
1 53 43.2699
1 54 20.9439
1 55 48.5641
1 56 14.6547
1 57 25.9452
1 58 6.7228
1 59 26.2001
1 60 38.7762
1 61 28.8759
1 62 12.5465
1 63 49.1788
1 64 11.0344
1 65 11.6684
1 66 5.20134
67 66 2
1 2 10.0055
1 3 12.7755
1 4 45.6199
1 5 3.60451
1 6 43.4852
1 7 38.1469
1 8 16.1148
1 9 25.4208
1 10 4.11705
1 11 26.7182
1 12 44.5212
1 13 8.66424
1 14 11.216
1 15 20.3125
1 16 17.1777
1 17 35.1761
1 18 49.1802
1 19 12.6563
1 20 46.414
1 21 12.067
1 22 6.48513
1 23 49.5419
1 24 4.45537
1 25 21.3848
1 26 5.00128
1 27 8.15869
1 28 11.5454
1 29 12.831
1 30 22.153
1 31 36.3464
1 32 10.4026
1 33 32.1586
1 34 49.1219
1 35 6.02255
1 36 35.7631
1 37 42.6071
1 38 44.1695
1 39 1.87784
1 40 18.0279
1 41 48.2865
1 42 28.596
1 43 12.5491
1 44 6.95076
1 45 39.812
1 46 32.8616
1 47 24.1285
1 48 24.9881
1 49 32.0418
1 50 36.7847
1 51 21.4021
1 52 44.1087
1 53 43.2699
1 54 20.9439
1 55 48.5641
1 56 14.6547
1 57 25.9452
1 58 6.7228
1 59 26.2001
1 60 38.7762
1 61 28.8759
1 62 12.5465
1 63 49.1788
1 64 11.0344
1 65 11.6684
1 66 5.20134
1 67 46.7975
68 67 37
1 2 10.0055
1 3 12.7755
1 4 45.6199
1 5 3.60451
1 6 43.4852
1 7 38.1469
1 8 16.1148
1 9 25.4208
1 10 4.11705
1 11 26.7182
1 12 44.5212
1 13 8.66424
1 14 11.216
1 15 20.3125
1 16 17.1777
1 17 35.1761
1 18 49.1802
1 19 12.6563
1 20 46.414
1 21 12.067
1 22 6.48513
1 23 49.5419
1 24 4.45537
1 25 21.3848
1 26 5.00128
1 27 8.15869
1 28 11.5454
1 29 12.831
1 30 22.153
1 31 36.3464
1 32 10.4026
1 33 32.1586
1 34 49.1219
1 35 6.02255
1 36 35.7631
1 37 42.6071
1 38 44.1695
1 39 1.87784
1 40 18.0279
1 41 48.2865
1 42 28.596
1 43 12.5491
1 44 6.95076
1 45 39.812
1 46 32.8616
1 47 24.1285
1 48 24.9881
1 49 32.0418
1 50 36.7847
1 51 21.4021
1 52 44.1087
1 53 43.2699
1 54 20.9439
1 55 48.5641
1 56 14.6547
1 57 25.9452
1 58 6.7228
1 59 26.2001
1 60 38.7762
1 61 28.8759
1 62 12.5465
1 63 49.1788
1 64 11.0344
1 65 11.6684
1 66 5.20134
1 67 46.7975
1 68 4.27547
69 68 67
1 2 10.0055
1 3 12.7755
1 4 45.6199
1 5 3.60451
1 6 43.4852
1 7 38.1469
1 8 16.1148
1 9 25.4208
1 10 4.11705
1 11 26.7182
1 12 44.5212
1 13 8.66424
1 14 11.216
1 15 20.3125
1 16 17.1777
1 17 35.1761
1 18 49.1802
1 19 12.6563
1 20 46.414
1 21 12.067
1 22 6.48513
1 23 49.5419
1 24 4.45537
1 25 21.3848
1 26 5.00128
1 27 8.15869
1 28 11.5454
1 29 12.831
1 30 22.153
1 31 36.3464
1 32 10.4026
1 33 32.1586
1 34 49.1219
1 35 6.02255
1 36 35.7631
1 37 42.6071
1 38 44.1695
1 39 1.87784
1 40 18.0279
1 41 48.2865
1 42 28.596
1 43 12.5491
1 44 6.95076
1 45 39.812
1 46 32.8616
1 47 24.1285
1 48 24.9881
1 49 32.0418
1 50 36.7847
1 51 21.4021
1 52 44.1087
1 53 43.2699
1 54 20.9439
1 55 48.5641
1 56 14.6547
1 57 25.9452
1 58 6.7228
1 59 26.2001
1 60 38.7762
1 61 28.8759
1 62 12.5465
1 63 49.1788
1 64 11.0344
1 65 11.6684
1 66 5.20134
1 67 46.7975
1 68 4.27547
1 69 49.3708
70 69 40
1 2 10.0055
1 3 12.7755
1 4 45.6199
1 5 3.60451
1 6 43.4852
1 7 38.1469
1 8 16.1148
1 9 25.4208
1 10 4.11705
1 11 26.7182
1 12 44.5212
1 13 8.66424
1 14 11.216
1 15 20.3125
1 16 17.1777
1 17 35.1761
1 18 49.1802
1 19 12.6563
1 20 46.414
1 21 12.067
1 22 6.48513
1 23 49.5419
1 24 4.45537
1 25 21.3848
1 26 5.00128
1 27 8.15869
1 28 11.5454
1 29 12.831
1 30 22.153
1 31 36.3464
1 32 10.4026
1 33 32.1586
1 34 49.1219
1 35 6.02255
1 36 35.7631
1 37 42.6071
1 38 44.1695
1 39 1.87784
1 40 18.0279
1 41 48.2865
1 42 28.596
1 43 12.5491
1 44 6.95076
1 45 39.812
1 46 32.8616
1 47 24.1285
1 48 24.9881
1 49 32.0418
1 50 36.7847
1 51 21.4021
1 52 44.1087
1 53 43.2699
1 54 20.9439
1 55 48.5641
1 56 14.6547
1 57 25.9452
1 58 6.7228
1 59 26.2001
1 60 38.7762
1 61 28.8759
1 62 12.5465
1 63 49.1788
1 64 11.0344
1 65 11.6684
1 66 5.20134
1 67 46.7975
1 68 4.27547
1 69 49.3708
1 70 48.6754
71 70 32
1 2 10.0055
1 3 12.7755
1 4 45.6199
1 5 3.60451
1 6 43.4852
1 7 38.1469
1 8 16.1148
1 9 25.4208
1 10 4.11705
1 11 26.7182
1 12 44.5212
1 13 8.66424
1 14 11.216
1 15 20.3125
1 16 17.1777
1 17 35.1761
1 18 49.1802
1 19 12.6563
1 20 46.414
1 21 12.067
1 22 6.48513
1 23 49.5419
1 24 4.45537
1 25 21.3848
1 26 5.00128
1 27 8.15869
1 28 11.5454
1 29 12.831
1 30 22.153
1 31 36.3464
1 32 10.4026
1 33 32.1586
1 34 49.1219
1 35 6.02255
1 36 35.7631
1 37 42.6071
1 38 44.1695
1 39 1.87784
1 40 18.0279
1 41 48.2865
1 42 28.596
1 43 12.5491
1 44 6.95076
1 45 39.812
1 46 32.8616
1 47 24.1285
1 48 24.9881
1 49 32.0418
1 50 36.7847
1 51 21.4021
1 52 44.1087
1 53 43.2699
1 54 20.9439
1 55 48.5641
1 56 14.6547
1 57 25.9452
1 58 6.7228
1 59 26.2001
1 60 38.7762
1 61 28.8759
1 62 12.5465
1 63 49.1788
1 64 11.0344
1 65 11.6684
1 66 5.20134
1 67 46.7975
1 68 4.27547
1 69 49.3708
1 70 48.6754
1 71 22.3033
72 71 39
1 2 10.0055
1 3 12.7755
1 4 45.6199
1 5 3.60451
1 6 43.4852
1 7 38.1469
1 8 16.1148
1 9 25.4208
1 10 4.11705
1 11 26.7182
1 12 44.5212
1 13 8.66424
1 14 11.216
1 15 20.3125
1 16 17.1777
1 17 35.1761
1 18 49.1802
1 19 12.6563
1 20 46.414
1 21 12.067
1 22 6.48513
1 23 49.5419
1 24 4.45537
1 25 21.3848
1 26 5.00128
1 27 8.15869
1 28 11.5454
1 29 12.831
1 30 22.153
1 31 36.3464
1 32 10.4026
1 33 32.1586
1 34 49.1219
1 35 6.02255
1 36 35.7631
1 37 42.6071
1 38 44.1695
1 39 1.87784
1 40 18.0279
1 41 48.2865
1 42 28.596
1 43 12.5491
1 44 6.95076
1 45 39.812
1 46 32.8616
1 47 24.1285
1 48 24.9881
1 49 32.0418
1 50 36.7847
1 51 21.4021
1 52 44.1087
1 53 43.2699
1 54 20.9439
1 55 48.5641
1 56 14.6547
1 57 25.9452
1 58 6.7228
1 59 26.2001
1 60 38.7762
1 61 28.8759
1 62 12.5465
1 63 49.1788
1 64 11.0344
1 65 11.6684
1 66 5.20134
1 67 46.7975
1 68 4.27547
1 69 49.3708
1 70 48.6754
1 71 22.3033
1 72 47.6573
73 72 58
1 2 10.0055
1 3 12.7755
1 4 45.6199
1 5 3.60451
1 6 43.4852
1 7 38.1469
1 8 16.1148
1 9 25.4208
1 10 4.11705
1 11 26.7182
1 12 44.5212
1 13 8.66424
1 14 11.216
1 15 20.3125
1 16 17.1777
1 17 35.1761
1 18 49.1802
1 19 12.6563
1 20 46.414
1 21 12.067
1 22 6.48513
1 23 49.5419
1 24 4.45537
1 25 21.3848
1 26 5.00128
1 27 8.15869
1 28 11.5454
1 29 12.831
1 30 22.153
1 31 36.3464
1 32 10.4026
1 33 32.1586
1 34 49.1219
1 35 6.02255
1 36 35.7631
1 37 42.6071
1 38 44.1695
1 39 1.87784
1 40 18.0279
1 41 48.2865
1 42 28.596
1 43 12.5491
1 44 6.95076
1 45 39.812
1 46 32.8616
1 47 24.1285
1 48 24.9881
1 49 32.0418
1 50 36.7847
1 51 21.4021
1 52 44.1087
1 53 43.2699
1 54 20.9439
1 55 48.5641
1 56 14.6547
1 57 25.9452
1 58 6.7228
1 59 26.2001
1 60 38.7762
1 61 28.8759
1 62 12.5465
1 63 49.1788
1 64 11.0344
1 65 11.6684
1 66 5.20134
1 67 46.7975
1 68 4.27547
1 69 49.3708
1 70 48.6754
1 71 22.3033
1 72 47.6573
1 73 27.2714
74 73 33
1 2 10.0055
1 3 12.7755
1 4 45.6199
1 5 3.60451
1 6 43.4852
1 7 38.1469
1 8 16.1148
1 9 25.4208
1 10 4.11705
1 11 26.7182
1 12 44.5212
1 13 8.66424
1 14 11.216
1 15 20.3125
1 16 17.1777
1 17 35.1761
1 18 49.1802
1 19 12.6563
1 20 46.414
1 21 12.067
1 22 6.48513
1 23 49.5419
1 24 4.45537
1 25 21.3848
1 26 5.00128
1 27 8.15869
1 28 11.5454
1 29 12.831
1 30 22.153
1 31 36.3464
1 32 10.4026
1 33 32.1586
1 34 49.1219
1 35 6.02255
1 36 35.7631
1 37 42.6071
1 38 44.1695
1 39 1.87784
1 40 18.0279
1 41 48.2865
1 42 28.596
1 43 12.5491
1 44 6.95076
1 45 39.812
1 46 32.8616
1 47 24.1285
1 48 24.9881
1 49 32.0418
1 50 36.7847
1 51 21.4021
1 52 44.1087
1 53 43.2699
1 54 20.9439
1 55 48.5641
1 56 14.6547
1 57 25.9452
1 58 6.7228
1 59 26.2001
1 60 38.7762
1 61 28.8759
1 62 12.5465
1 63 49.1788
1 64 11.0344
1 65 11.6684
1 66 5.20134
1 67 46.7975
1 68 4.27547
1 69 49.3708
1 70 48.6754
1 71 22.3033
1 72 47.6573
1 73 27.2714
1 74 34.8525
75 74 55
1 2 10.0055
1 3 12.7755
1 4 45.6199
1 5 3.60451
1 6 43.4852
1 7 38.1469
1 8 16.1148
1 9 25.4208
1 10 4.11705
1 11 26.7182
1 12 44.5212
1 13 8.66424
1 14 11.216
1 15 20.3125
1 16 17.1777
1 17 35.1761
1 18 49.1802
1 19 12.6563
1 20 46.414
1 21 12.067
1 22 6.48513
1 23 49.5419
1 24 4.45537
1 25 21.3848
1 26 5.00128
1 27 8.15869
1 28 11.5454
1 29 12.831
1 30 22.153
1 31 36.3464
1 32 10.4026
1 33 32.1586
1 34 49.1219
1 35 6.02255
1 36 35.7631
1 37 42.6071
1 38 44.1695
1 39 1.87784
1 40 18.0279
1 41 48.2865
1 42 28.596
1 43 12.5491
1 44 6.95076
1 45 39.812
1 46 32.8616
1 47 24.1285
1 48 24.9881
1 49 32.0418
1 50 36.7847
1 51 21.4021
1 52 44.1087
1 53 43.2699
1 54 20.9439
1 55 48.5641
1 56 14.6547
1 57 25.9452
1 58 6.7228
1 59 26.2001
1 60 38.7762
1 61 28.8759
1 62 12.5465
1 63 49.1788
1 64 11.0344
1 65 11.6684
1 66 5.20134
1 67 46.7975
1 68 4.27547
1 69 49.3708
1 70 48.6754
1 71 22.3033
1 72 47.6573
1 73 27.2714
1 74 34.8525
1 75 4.60809
76 75 51
1 2 10.0055
1 3 12.7755
1 4 45.6199
1 5 3.60451
1 6 43.4852
1 7 38.1469
1 8 16.1148
1 9 25.4208
1 10 4.11705
1 11 26.7182
1 12 44.5212
1 13 8.66424
1 14 11.216
1 15 20.3125
1 16 17.1777
1 17 35.1761
1 18 49.1802
1 19 12.6563
1 20 46.414
1 21 12.067
1 22 6.48513
1 23 49.5419
1 24 4.45537
1 25 21.3848
1 26 5.00128
1 27 8.15869
1 28 11.5454
1 29 12.831
1 30 22.153
1 31 36.3464
1 32 10.4026
1 33 32.1586
1 34 49.1219
1 35 6.02255
1 36 35.7631
1 37 42.6071
1 38 44.1695
1 39 1.87784
1 40 18.0279
1 41 48.2865
1 42 28.596
1 43 12.5491
1 44 6.95076
1 45 39.812
1 46 32.8616
1 47 24.1285
1 48 24.9881
1 49 32.0418
1 50 36.7847
1 51 21.4021
1 52 44.1087
1 53 43.2699
1 54 20.9439
1 55 48.5641
1 56 14.6547
1 57 25.9452
1 58 6.7228
1 59 26.2001
1 60 38.7762
1 61 28.8759
1 62 12.5465
1 63 49.1788
1 64 11.0344
1 65 11.6684
1 66 5.20134
1 67 46.7975
1 68 4.27547
1 69 49.3708
1 70 48.6754
1 71 22.3033
1 72 47.6573
1 73 27.2714
1 74 34.8525
1 75 4.60809
1 76 17.0834
77 76 18
1 2 10.0055
1 3 12.7755
1 4 45.6199
1 5 3.60451
1 6 43.4852
1 7 38.1469
1 8 16.1148
1 9 25.4208
1 10 4.11705
1 11 26.7182
1 12 44.5212
1 13 8.66424
1 14 11.216
1 15 20.3125
1 16 17.1777
1 17 35.1761
1 18 49.1802
1 19 12.6563
1 20 46.414
1 21 12.067
1 22 6.48513
1 23 49.5419
1 24 4.45537
1 25 21.3848
1 26 5.00128
1 27 8.15869
1 28 11.5454
1 29 12.831
1 30 22.153
1 31 36.3464
1 32 10.4026
1 33 32.1586
1 34 49.1219
1 35 6.02255
1 36 35.7631
1 37 42.6071
1 38 44.1695
1 39 1.87784
1 40 18.0279
1 41 48.2865
1 42 28.596
1 43 12.5491
1 44 6.95076
1 45 39.812
1 46 32.8616
1 47 24.1285
1 48 24.9881
1 49 32.0418
1 50 36.7847
1 51 21.4021
1 52 44.1087
1 53 43.2699
1 54 20.9439
1 55 48.5641
1 56 14.6547
1 57 25.9452
1 58 6.7228
1 59 26.2001
1 60 38.7762
1 61 28.8759
1 62 12.5465
1 63 49.1788
1 64 11.0344
1 65 11.6684
1 66 5.20134
1 67 46.7975
1 68 4.27547
1 69 49.3708
1 70 48.6754
1 71 22.3033
1 72 47.6573
1 73 27.2714
1 74 34.8525
1 75 4.60809
1 76 17.0834
1 77 17.7141
78 77 62
1 2 10.0055
1 3 12.7755
1 4 45.6199
1 5 3.60451
1 6 43.4852
1 7 38.1469
1 8 16.1148
1 9 25.4208
1 10 4.11705
1 11 26.7182
1 12 44.5212
1 13 8.66424
1 14 11.216
1 15 20.3125
1 16 17.1777
1 17 35.1761
1 18 49.1802
1 19 12.6563
1 20 46.414
1 21 12.067
1 22 6.48513
1 23 49.5419
1 24 4.45537
1 25 21.3848
1 26 5.00128
1 27 8.15869
1 28 11.5454
1 29 12.831
1 30 22.153
1 31 36.3464
1 32 10.4026
1 33 32.1586
1 34 49.1219
1 35 6.02255
1 36 35.7631
1 37 42.6071
1 38 44.1695
1 39 1.87784
1 40 18.0279
1 41 48.2865
1 42 28.596
1 43 12.5491
1 44 6.95076
1 45 39.812
1 46 32.8616
1 47 24.1285
1 48 24.9881
1 49 32.0418
1 50 36.7847
1 51 21.4021
1 52 44.1087
1 53 43.2699
1 54 20.9439
1 55 48.5641
1 56 14.6547
1 57 25.9452
1 58 6.7228
1 59 26.2001
1 60 38.7762
1 61 28.8759
1 62 12.5465
1 63 49.1788
1 64 11.0344
1 65 11.6684
1 66 5.20134
1 67 46.7975
1 68 4.27547
1 69 49.3708
1 70 48.6754
1 71 22.3033
1 72 47.6573
1 73 27.2714
1 74 34.8525
1 75 4.60809
1 76 17.0834
1 77 17.7141
1 78 28.7365
79 78 43
1 2 10.0055
1 3 12.7755
1 4 45.6199
1 5 3.60451
1 6 43.4852
1 7 38.1469
1 8 16.1148
1 9 25.4208
1 10 4.11705
1 11 26.7182
1 12 44.5212
1 13 8.66424
1 14 11.216
1 15 20.3125
1 16 17.1777
1 17 35.1761
1 18 49.1802
1 19 12.6563
1 20 46.414
1 21 12.067
1 22 6.48513
1 23 49.5419
1 24 4.45537
1 25 21.3848
1 26 5.00128
1 27 8.15869
1 28 11.5454
1 29 12.831
1 30 22.153
1 31 36.3464
1 32 10.4026
1 33 32.1586
1 34 49.1219
1 35 6.02255
1 36 35.7631
1 37 42.6071
1 38 44.1695
1 39 1.87784
1 40 18.0279
1 41 48.2865
1 42 28.596
1 43 12.5491
1 44 6.95076
1 45 39.812
1 46 32.8616
1 47 24.1285
1 48 24.9881
1 49 32.0418
1 50 36.7847
1 51 21.4021
1 52 44.1087
1 53 43.2699
1 54 20.9439
1 55 48.5641
1 56 14.6547
1 57 25.9452
1 58 6.7228
1 59 26.2001
1 60 38.7762
1 61 28.8759
1 62 12.5465
1 63 49.1788
1 64 11.0344
1 65 11.6684
1 66 5.20134
1 67 46.7975
1 68 4.27547
1 69 49.3708
1 70 48.6754
1 71 22.3033
1 72 47.6573
1 73 27.2714
1 74 34.8525
1 75 4.60809
1 76 17.0834
1 77 17.7141
1 78 28.7365
1 79 42.0715
80 79 69
1 2 10.0055
1 3 12.7755
1 4 45.6199
1 5 3.60451
1 6 43.4852
1 7 38.1469
1 8 16.1148
1 9 25.4208
1 10 4.11705
1 11 26.7182
1 12 44.5212
1 13 8.66424
1 14 11.216
1 15 20.3125
1 16 17.1777
1 17 35.1761
1 18 49.1802
1 19 12.6563
1 20 46.414
1 21 12.067
1 22 6.48513
1 23 49.5419
1 24 4.45537
1 25 21.3848
1 26 5.00128
1 27 8.15869
1 28 11.5454
1 29 12.831
1 30 22.153
1 31 36.3464
1 32 10.4026
1 33 32.1586
1 34 49.1219
1 35 6.02255
1 36 35.7631
1 37 42.6071
1 38 44.1695
1 39 1.87784
1 40 18.0279
1 41 48.2865
1 42 28.596
1 43 12.5491
1 44 6.95076
1 45 39.812
1 46 32.8616
1 47 24.1285
1 48 24.9881
1 49 32.0418
1 50 36.7847
1 51 21.4021
1 52 44.1087
1 53 43.2699
1 54 20.9439
1 55 48.5641
1 56 14.6547
1 57 25.9452
1 58 6.7228
1 59 26.2001
1 60 38.7762
1 61 28.8759
1 62 12.5465
1 63 49.1788
1 64 11.0344
1 65 11.6684
1 66 5.20134
1 67 46.7975
1 68 4.27547
1 69 49.3708
1 70 48.6754
1 71 22.3033
1 72 47.6573
1 73 27.2714
1 74 34.8525
1 75 4.60809
1 76 17.0834
1 77 17.7141
1 78 28.7365
1 79 42.0715
1 80 49.7559
81 80 27
1 2 10.0055
1 3 12.7755
1 4 45.6199
1 5 3.60451
1 6 43.4852
1 7 38.1469
1 8 16.1148
1 9 25.4208
1 10 4.11705
1 11 26.7182
1 12 44.5212
1 13 8.66424
1 14 11.216
1 15 20.3125
1 16 17.1777
1 17 35.1761
1 18 49.1802
1 19 12.6563
1 20 46.414
1 21 12.067
1 22 6.48513
1 23 49.5419
1 24 4.45537
1 25 21.3848
1 26 5.00128
1 27 8.15869
1 28 11.5454
1 29 12.831
1 30 22.153
1 31 36.3464
1 32 10.4026
1 33 32.1586
1 34 49.1219
1 35 6.02255
1 36 35.7631
1 37 42.6071
1 38 44.1695
1 39 1.87784
1 40 18.0279
1 41 48.2865
1 42 28.596
1 43 12.5491
1 44 6.95076
1 45 39.812
1 46 32.8616
1 47 24.1285
1 48 24.9881
1 49 32.0418
1 50 36.7847
1 51 21.4021
1 52 44.1087
1 53 43.2699
1 54 20.9439
1 55 48.5641
1 56 14.6547
1 57 25.9452
1 58 6.7228
1 59 26.2001
1 60 38.7762
1 61 28.8759
1 62 12.5465
1 63 49.1788
1 64 11.0344
1 65 11.6684
1 66 5.20134
1 67 46.7975
1 68 4.27547
1 69 49.3708
1 70 48.6754
1 71 22.3033
1 72 47.6573
1 73 27.2714
1 74 34.8525
1 75 4.60809
1 76 17.0834
1 77 17.7141
1 78 28.7365
1 79 42.0715
1 80 49.7559
1 81 15.5213
82 81 24
1 2 10.0055
1 3 12.7755
1 4 45.6199
1 5 3.60451
1 6 43.4852
1 7 38.1469
1 8 16.1148
1 9 25.4208
1 10 4.11705
1 11 26.7182
1 12 44.5212
1 13 8.66424
1 14 11.216
1 15 20.3125
1 16 17.1777
1 17 35.1761
1 18 49.1802
1 19 12.6563
1 20 46.414
1 21 12.067
1 22 6.48513
1 23 49.5419
1 24 4.45537
1 25 21.3848
1 26 5.00128
1 27 8.15869
1 28 11.5454
1 29 12.831
1 30 22.153
1 31 36.3464
1 32 10.4026
1 33 32.1586
1 34 49.1219
1 35 6.02255
1 36 35.7631
1 37 42.6071
1 38 44.1695
1 39 1.87784
1 40 18.0279
1 41 48.2865
1 42 28.596
1 43 12.5491
1 44 6.95076
1 45 39.812
1 46 32.8616
1 47 24.1285
1 48 24.9881
1 49 32.0418
1 50 36.7847
1 51 21.4021
1 52 44.1087
1 53 43.2699
1 54 20.9439
1 55 48.5641
1 56 14.6547
1 57 25.9452
1 58 6.7228
1 59 26.2001
1 60 38.7762
1 61 28.8759
1 62 12.5465
1 63 49.1788
1 64 11.0344
1 65 11.6684
1 66 5.20134
1 67 46.7975
1 68 4.27547
1 69 49.3708
1 70 48.6754
1 71 22.3033
1 72 47.6573
1 73 27.2714
1 74 34.8525
1 75 4.60809
1 76 17.0834
1 77 17.7141
1 78 28.7365
1 79 42.0715
1 80 49.7559
1 81 15.5213
1 82 13.4736
83 82 6
1 2 10.0055
1 3 12.7755
1 4 45.6199
1 5 3.60451
1 6 43.4852
1 7 38.1469
1 8 16.1148
1 9 25.4208
1 10 4.11705
1 11 26.7182
1 12 44.5212
1 13 8.66424
1 14 11.216
1 15 20.3125
1 16 17.1777
1 17 35.1761
1 18 49.1802
1 19 12.6563
1 20 46.414
1 21 12.067
1 22 6.48513
1 23 49.5419
1 24 4.45537
1 25 21.3848
1 26 5.00128
1 27 8.15869
1 28 11.5454
1 29 12.831
1 30 22.153
1 31 36.3464
1 32 10.4026
1 33 32.1586
1 34 49.1219
1 35 6.02255
1 36 35.7631
1 37 42.6071
1 38 44.1695
1 39 1.87784
1 40 18.0279
1 41 48.2865
1 42 28.596
1 43 12.5491
1 44 6.95076
1 45 39.812
1 46 32.8616
1 47 24.1285
1 48 24.9881
1 49 32.0418
1 50 36.7847
1 51 21.4021
1 52 44.1087
1 53 43.2699
1 54 20.9439
1 55 48.5641
1 56 14.6547
1 57 25.9452
1 58 6.7228
1 59 26.2001
1 60 38.7762
1 61 28.8759
1 62 12.5465
1 63 49.1788
1 64 11.0344
1 65 11.6684
1 66 5.20134
1 67 46.7975
1 68 4.27547
1 69 49.3708
1 70 48.6754
1 71 22.3033
1 72 47.6573
1 73 27.2714
1 74 34.8525
1 75 4.60809
1 76 17.0834
1 77 17.7141
1 78 28.7365
1 79 42.0715
1 80 49.7559
1 81 15.5213
1 82 13.4736
1 83 43.8646
84 83 9
1 2 10.0055
1 3 12.7755
1 4 45.6199
1 5 3.60451
1 6 43.4852
1 7 38.1469
1 8 16.1148
1 9 25.4208
1 10 4.11705
1 11 26.7182
1 12 44.5212
1 13 8.66424
1 14 11.216
1 15 20.3125
1 16 17.1777
1 17 35.1761
1 18 49.1802
1 19 12.6563
1 20 46.414
1 21 12.067
1 22 6.48513
1 23 49.5419
1 24 4.45537
1 25 21.3848
1 26 5.00128
1 27 8.15869
1 28 11.5454
1 29 12.831
1 30 22.153
1 31 36.3464
1 32 10.4026
1 33 32.1586
1 34 49.1219
1 35 6.02255
1 36 35.7631
1 37 42.6071
1 38 44.1695
1 39 1.87784
1 40 18.0279
1 41 48.2865
1 42 28.596
1 43 12.5491
1 44 6.95076
1 45 39.812
1 46 32.8616
1 47 24.1285
1 48 24.9881
1 49 32.0418
1 50 36.7847
1 51 21.4021
1 52 44.1087
1 53 43.2699
1 54 20.9439
1 55 48.5641
1 56 14.6547
1 57 25.9452
1 58 6.7228
1 59 26.2001
1 60 38.7762
1 61 28.8759
1 62 12.5465
1 63 49.1788
1 64 11.0344
1 65 11.6684
1 66 5.20134
1 67 46.7975
1 68 4.27547
1 69 49.3708
1 70 48.6754
1 71 22.3033
1 72 47.6573
1 73 27.2714
1 74 34.8525
1 75 4.60809
1 76 17.0834
1 77 17.7141
1 78 28.7365
1 79 42.0715
1 80 49.7559
1 81 15.5213
1 82 13.4736
1 83 43.8646
1 84 8.79117
85 84 28
1 2 10.0055
1 3 12.7755
1 4 45.6199
1 5 3.60451
1 6 43.4852
1 7 38.1469
1 8 16.1148
1 9 25.4208
1 10 4.11705
1 11 26.7182
1 12 44.5212
1 13 8.66424
1 14 11.216
1 15 20.3125
1 16 17.1777
1 17 35.1761
1 18 49.1802
1 19 12.6563
1 20 46.414
1 21 12.067
1 22 6.48513
1 23 49.5419
1 24 4.45537
1 25 21.3848
1 26 5.00128
1 27 8.15869
1 28 11.5454
1 29 12.831
1 30 22.153
1 31 36.3464
1 32 10.4026
1 33 32.1586
1 34 49.1219
1 35 6.02255
1 36 35.7631
1 37 42.6071
1 38 44.1695
1 39 1.87784
1 40 18.0279
1 41 48.2865
1 42 28.596
1 43 12.5491
1 44 6.95076
1 45 39.812
1 46 32.8616
1 47 24.1285
1 48 24.9881
1 49 32.0418
1 50 36.7847
1 51 21.4021
1 52 44.1087
1 53 43.2699
1 54 20.9439
1 55 48.5641
1 56 14.6547
1 57 25.9452
1 58 6.7228
1 59 26.2001
1 60 38.7762
1 61 28.8759
1 62 12.5465
1 63 49.1788
1 64 11.0344
1 65 11.6684
1 66 5.20134
1 67 46.7975
1 68 4.27547
1 69 49.3708
1 70 48.6754
1 71 22.3033
1 72 47.6573
1 73 27.2714
1 74 34.8525
1 75 4.60809
1 76 17.0834
1 77 17.7141
1 78 28.7365
1 79 42.0715
1 80 49.7559
1 81 15.5213
1 82 13.4736
1 83 43.8646
1 84 8.79117
1 85 34.4175
86 85 50
1 2 10.0055
1 3 12.7755
1 4 45.6199
1 5 3.60451
1 6 43.4852
1 7 38.1469
1 8 16.1148
1 9 25.4208
1 10 4.11705
1 11 26.7182
1 12 44.5212
1 13 8.66424
1 14 11.216
1 15 20.3125
1 16 17.1777
1 17 35.1761
1 18 49.1802
1 19 12.6563
1 20 46.414
1 21 12.067
1 22 6.48513
1 23 49.5419
1 24 4.45537
1 25 21.3848
1 26 5.00128
1 27 8.15869
1 28 11.5454
1 29 12.831
1 30 22.153
1 31 36.3464
1 32 10.4026
1 33 32.1586
1 34 49.1219
1 35 6.02255
1 36 35.7631
1 37 42.6071
1 38 44.1695
1 39 1.87784
1 40 18.0279
1 41 48.2865
1 42 28.596
1 43 12.5491
1 44 6.95076
1 45 39.812
1 46 32.8616
1 47 24.1285
1 48 24.9881
1 49 32.0418
1 50 36.7847
1 51 21.4021
1 52 44.1087
1 53 43.2699
1 54 20.9439
1 55 48.5641
1 56 14.6547
1 57 25.9452
1 58 6.7228
1 59 26.2001
1 60 38.7762
1 61 28.8759
1 62 12.5465
1 63 49.1788
1 64 11.0344
1 65 11.6684
1 66 5.20134
1 67 46.7975
1 68 4.27547
1 69 49.3708
1 70 48.6754
1 71 22.3033
1 72 47.6573
1 73 27.2714
1 74 34.8525
1 75 4.60809
1 76 17.0834
1 77 17.7141
1 78 28.7365
1 79 42.0715
1 80 49.7559
1 81 15.5213
1 82 13.4736
1 83 43.8646
1 84 8.79117
1 85 34.4175
1 86 42.4288
87 86 16
1 2 10.0055
1 3 12.7755
1 4 45.6199
1 5 3.60451
1 6 43.4852
1 7 38.1469
1 8 16.1148
1 9 25.4208
1 10 4.11705
1 11 26.7182
1 12 44.5212
1 13 8.66424
1 14 11.216
1 15 20.3125
1 16 17.1777
1 17 35.1761
1 18 49.1802
1 19 12.6563
1 20 46.414
1 21 12.067
1 22 6.48513
1 23 49.5419
1 24 4.45537
1 25 21.3848
1 26 5.00128
1 27 8.15869
1 28 11.5454
1 29 12.831
1 30 22.153
1 31 36.3464
1 32 10.4026
1 33 32.1586
1 34 49.1219
1 35 6.02255
1 36 35.7631
1 37 42.6071
1 38 44.1695
1 39 1.87784
1 40 18.0279
1 41 48.2865
1 42 28.596
1 43 12.5491
1 44 6.95076
1 45 39.812
1 46 32.8616
1 47 24.1285
1 48 24.9881
1 49 32.0418
1 50 36.7847
1 51 21.4021
1 52 44.1087
1 53 43.2699
1 54 20.9439
1 55 48.5641
1 56 14.6547
1 57 25.9452
1 58 6.7228
1 59 26.2001
1 60 38.7762
1 61 28.8759
1 62 12.5465
1 63 49.1788
1 64 11.0344
1 65 11.6684
1 66 5.20134
1 67 46.7975
1 68 4.27547
1 69 49.3708
1 70 48.6754
1 71 22.3033
1 72 47.6573
1 73 27.2714
1 74 34.8525
1 75 4.60809
1 76 17.0834
1 77 17.7141
1 78 28.7365
1 79 42.0715
1 80 49.7559
1 81 15.5213
1 82 13.4736
1 83 43.8646
1 84 8.79117
1 85 34.4175
1 86 42.4288
1 87 23.4458
88 87 47
1 2 10.0055
1 3 12.7755
1 4 45.6199
1 5 3.60451
1 6 43.4852
1 7 38.1469
1 8 16.1148
1 9 25.4208
1 10 4.11705
1 11 26.7182
1 12 44.5212
1 13 8.66424
1 14 11.216
1 15 20.3125
1 16 17.1777
1 17 35.1761
1 18 49.1802
1 19 12.6563
1 20 46.414
1 21 12.067
1 22 6.48513
1 23 49.5419
1 24 4.45537
1 25 21.3848
1 26 5.00128
1 27 8.15869
1 28 11.5454
1 29 12.831
1 30 22.153
1 31 36.3464
1 32 10.4026
1 33 32.1586
1 34 49.1219
1 35 6.02255
1 36 35.7631
1 37 42.6071
1 38 44.1695
1 39 1.87784
1 40 18.0279
1 41 48.2865
1 42 28.596
1 43 12.5491
1 44 6.95076
1 45 39.812
1 46 32.8616
1 47 24.1285
1 48 24.9881
1 49 32.0418
1 50 36.7847
1 51 21.4021
1 52 44.1087
1 53 43.2699
1 54 20.9439
1 55 48.5641
1 56 14.6547
1 57 25.9452
1 58 6.7228
1 59 26.2001
1 60 38.7762
1 61 28.8759
1 62 12.5465
1 63 49.1788
1 64 11.0344
1 65 11.6684
1 66 5.20134
1 67 46.7975
1 68 4.27547
1 69 49.3708
1 70 48.6754
1 71 22.3033
1 72 47.6573
1 73 27.2714
1 74 34.8525
1 75 4.60809
1 76 17.0834
1 77 17.7141
1 78 28.7365
1 79 42.0715
1 80 49.7559
1 81 15.5213
1 82 13.4736
1 83 43.8646
1 84 8.79117
1 85 34.4175
1 86 42.4288
1 87 23.4458
1 88 10.3627
89 88 64
1 2 10.0055
1 3 12.7755
1 4 45.6199
1 5 3.60451
1 6 43.4852
1 7 38.1469
1 8 16.1148
1 9 25.4208
1 10 4.11705
1 11 26.7182
1 12 44.5212
1 13 8.66424
1 14 11.216
1 15 20.3125
1 16 17.1777
1 17 35.1761
1 18 49.1802
1 19 12.6563
1 20 46.414
1 21 12.067
1 22 6.48513
1 23 49.5419
1 24 4.45537
1 25 21.3848
1 26 5.00128
1 27 8.15869
1 28 11.5454
1 29 12.831
1 30 22.153
1 31 36.3464
1 32 10.4026
1 33 32.1586
1 34 49.1219
1 35 6.02255
1 36 35.7631
1 37 42.6071
1 38 44.1695
1 39 1.87784
1 40 18.0279
1 41 48.2865
1 42 28.596
1 43 12.5491
1 44 6.95076
1 45 39.812
1 46 32.8616
1 47 24.1285
1 48 24.9881
1 49 32.0418
1 50 36.7847
1 51 21.4021
1 52 44.1087
1 53 43.2699
1 54 20.9439
1 55 48.5641
1 56 14.6547
1 57 25.9452
1 58 6.7228
1 59 26.2001
1 60 38.7762
1 61 28.8759
1 62 12.5465
1 63 49.1788
1 64 11.0344
1 65 11.6684
1 66 5.20134
1 67 46.7975
1 68 4.27547
1 69 49.3708
1 70 48.6754
1 71 22.3033
1 72 47.6573
1 73 27.2714
1 74 34.8525
1 75 4.60809
1 76 17.0834
1 77 17.7141
1 78 28.7365
1 79 42.0715
1 80 49.7559
1 81 15.5213
1 82 13.4736
1 83 43.8646
1 84 8.79117
1 85 34.4175
1 86 42.4288
1 87 23.4458
1 88 10.3627
1 89 49.1516
90 89 78
1 2 10.0055
1 3 12.7755
1 4 45.6199
1 5 3.60451
1 6 43.4852
1 7 38.1469
1 8 16.1148
1 9 25.4208
1 10 4.11705
1 11 26.7182
1 12 44.5212
1 13 8.66424
1 14 11.216
1 15 20.3125
1 16 17.1777
1 17 35.1761
1 18 49.1802
1 19 12.6563
1 20 46.414
1 21 12.067
1 22 6.48513
1 23 49.5419
1 24 4.45537
1 25 21.3848
1 26 5.00128
1 27 8.15869
1 28 11.5454
1 29 12.831
1 30 22.153
1 31 36.3464
1 32 10.4026
1 33 32.1586
1 34 49.1219
1 35 6.02255
1 36 35.7631
1 37 42.6071
1 38 44.1695
1 39 1.87784
1 40 18.0279
1 41 48.2865
1 42 28.596
1 43 12.5491
1 44 6.95076
1 45 39.812
1 46 32.8616
1 47 24.1285
1 48 24.9881
1 49 32.0418
1 50 36.7847
1 51 21.4021
1 52 44.1087
1 53 43.2699
1 54 20.9439
1 55 48.5641
1 56 14.6547
1 57 25.9452
1 58 6.7228
1 59 26.2001
1 60 38.7762
1 61 28.8759
1 62 12.5465
1 63 49.1788
1 64 11.0344
1 65 11.6684
1 66 5.20134
1 67 46.7975
1 68 4.27547
1 69 49.3708
1 70 48.6754
1 71 22.3033
1 72 47.6573
1 73 27.2714
1 74 34.8525
1 75 4.60809
1 76 17.0834
1 77 17.7141
1 78 28.7365
1 79 42.0715
1 80 49.7559
1 81 15.5213
1 82 13.4736
1 83 43.8646
1 84 8.79117
1 85 34.4175
1 86 42.4288
1 87 23.4458
1 88 10.3627
1 89 49.1516
1 90 49.6459
91 90 22
1 2 10.0055
1 3 12.7755
1 4 45.6199
1 5 3.60451
1 6 43.4852
1 7 38.1469
1 8 16.1148
1 9 25.4208
1 10 4.11705
1 11 26.7182
1 12 44.5212
1 13 8.66424
1 14 11.216
1 15 20.3125
1 16 17.1777
1 17 35.1761
1 18 49.1802
1 19 12.6563
1 20 46.414
1 21 12.067
1 22 6.48513
1 23 49.5419
1 24 4.45537
1 25 21.3848
1 26 5.00128
1 27 8.15869
1 28 11.5454
1 29 12.831
1 30 22.153
1 31 36.3464
1 32 10.4026
1 33 32.1586
1 34 49.1219
1 35 6.02255
1 36 35.7631
1 37 42.6071
1 38 44.1695
1 39 1.87784
1 40 18.0279
1 41 48.2865
1 42 28.596
1 43 12.5491
1 44 6.95076
1 45 39.812
1 46 32.8616
1 47 24.1285
1 48 24.9881
1 49 32.0418
1 50 36.7847
1 51 21.4021
1 52 44.1087
1 53 43.2699
1 54 20.9439
1 55 48.5641
1 56 14.6547
1 57 25.9452
1 58 6.7228
1 59 26.2001
1 60 38.7762
1 61 28.8759
1 62 12.5465
1 63 49.1788
1 64 11.0344
1 65 11.6684
1 66 5.20134
1 67 46.7975
1 68 4.27547
1 69 49.3708
1 70 48.6754
1 71 22.3033
1 72 47.6573
1 73 27.2714
1 74 34.8525
1 75 4.60809
1 76 17.0834
1 77 17.7141
1 78 28.7365
1 79 42.0715
1 80 49.7559
1 81 15.5213
1 82 13.4736
1 83 43.8646
1 84 8.79117
1 85 34.4175
1 86 42.4288
1 87 23.4458
1 88 10.3627
1 89 49.1516
1 90 49.6459
1 91 49.1389
92 91 56
1 2 10.0055
1 3 12.7755
1 4 45.6199
1 5 3.60451
1 6 43.4852
1 7 38.1469
1 8 16.1148
1 9 25.4208
1 10 4.11705
1 11 26.7182
1 12 44.5212
1 13 8.66424
1 14 11.216
1 15 20.3125
1 16 17.1777
1 17 35.1761
1 18 49.1802
1 19 12.6563
1 20 46.414
1 21 12.067
1 22 6.48513
1 23 49.5419
1 24 4.45537
1 25 21.3848
1 26 5.00128
1 27 8.15869
1 28 11.5454
1 29 12.831
1 30 22.153
1 31 36.3464
1 32 10.4026
1 33 32.1586
1 34 49.1219
1 35 6.02255
1 36 35.7631
1 37 42.6071
1 38 44.1695
1 39 1.87784
1 40 18.0279
1 41 48.2865
1 42 28.596
1 43 12.5491
1 44 6.95076
1 45 39.812
1 46 32.8616
1 47 24.1285
1 48 24.9881
1 49 32.0418
1 50 36.7847
1 51 21.4021
1 52 44.1087
1 53 43.2699
1 54 20.9439
1 55 48.5641
1 56 14.6547
1 57 25.9452
1 58 6.7228
1 59 26.2001
1 60 38.7762
1 61 28.8759
1 62 12.5465
1 63 49.1788
1 64 11.0344
1 65 11.6684
1 66 5.20134
1 67 46.7975
1 68 4.27547
1 69 49.3708
1 70 48.6754
1 71 22.3033
1 72 47.6573
1 73 27.2714
1 74 34.8525
1 75 4.60809
1 76 17.0834
1 77 17.7141
1 78 28.7365
1 79 42.0715
1 80 49.7559
1 81 15.5213
1 82 13.4736
1 83 43.8646
1 84 8.79117
1 85 34.4175
1 86 42.4288
1 87 23.4458
1 88 10.3627
1 89 49.1516
1 90 49.6459
1 91 49.1389
1 92 28.0274
93 92 85
1 2 10.0055
1 3 12.7755
1 4 45.6199
1 5 3.60451
1 6 43.4852
1 7 38.1469
1 8 16.1148
1 9 25.4208
1 10 4.11705
1 11 26.7182
1 12 44.5212
1 13 8.66424
1 14 11.216
1 15 20.3125
1 16 17.1777
1 17 35.1761
1 18 49.1802
1 19 12.6563
1 20 46.414
1 21 12.067
1 22 6.48513
1 23 49.5419
1 24 4.45537
1 25 21.3848
1 26 5.00128
1 27 8.15869
1 28 11.5454
1 29 12.831
1 30 22.153
1 31 36.3464
1 32 10.4026
1 33 32.1586
1 34 49.1219
1 35 6.02255
1 36 35.7631
1 37 42.6071
1 38 44.1695
1 39 1.87784
1 40 18.0279
1 41 48.2865
1 42 28.596
1 43 12.5491
1 44 6.95076
1 45 39.812
1 46 32.8616
1 47 24.1285
1 48 24.9881
1 49 32.0418
1 50 36.7847
1 51 21.4021
1 52 44.1087
1 53 43.2699
1 54 20.9439
1 55 48.5641
1 56 14.6547
1 57 25.9452
1 58 6.7228
1 59 26.2001
1 60 38.7762
1 61 28.8759
1 62 12.5465
1 63 49.1788
1 64 11.0344
1 65 11.6684
1 66 5.20134
1 67 46.7975
1 68 4.27547
1 69 49.3708
1 70 48.6754
1 71 22.3033
1 72 47.6573
1 73 27.2714
1 74 34.8525
1 75 4.60809
1 76 17.0834
1 77 17.7141
1 78 28.7365
1 79 42.0715
1 80 49.7559
1 81 15.5213
1 82 13.4736
1 83 43.8646
1 84 8.79117
1 85 34.4175
1 86 42.4288
1 87 23.4458
1 88 10.3627
1 89 49.1516
1 90 49.6459
1 91 49.1389
1 92 28.0274
1 93 12.1924
94 93 61
1 2 10.0055
1 3 12.7755
1 4 45.6199
1 5 3.60451
1 6 43.4852
1 7 38.1469
1 8 16.1148
1 9 25.4208
1 10 4.11705
1 11 26.7182
1 12 44.5212
1 13 8.66424
1 14 11.216
1 15 20.3125
1 16 17.1777
1 17 35.1761
1 18 49.1802
1 19 12.6563
1 20 46.414
1 21 12.067
1 22 6.48513
1 23 49.5419
1 24 4.45537
1 25 21.3848
1 26 5.00128
1 27 8.15869
1 28 11.5454
1 29 12.831
1 30 22.153
1 31 36.3464
1 32 10.4026
1 33 32.1586
1 34 49.1219
1 35 6.02255
1 36 35.7631
1 37 42.6071
1 38 44.1695
1 39 1.87784
1 40 18.0279
1 41 48.2865
1 42 28.596
1 43 12.5491
1 44 6.95076
1 45 39.812
1 46 32.8616
1 47 24.1285
1 48 24.9881
1 49 32.0418
1 50 36.7847
1 51 21.4021
1 52 44.1087
1 53 43.2699
1 54 20.9439
1 55 48.5641
1 56 14.6547
1 57 25.9452
1 58 6.7228
1 59 26.2001
1 60 38.7762
1 61 28.8759
1 62 12.5465
1 63 49.1788
1 64 11.0344
1 65 11.6684
1 66 5.20134
1 67 46.7975
1 68 4.27547
1 69 49.3708
1 70 48.6754
1 71 22.3033
1 72 47.6573
1 73 27.2714
1 74 34.8525
1 75 4.60809
1 76 17.0834
1 77 17.7141
1 78 28.7365
1 79 42.0715
1 80 49.7559
1 81 15.5213
1 82 13.4736
1 83 43.8646
1 84 8.79117
1 85 34.4175
1 86 42.4288
1 87 23.4458
1 88 10.3627
1 89 49.1516
1 90 49.6459
1 91 49.1389
1 92 28.0274
1 93 12.1924
1 94 48.3177
95 94 3
1 2 10.0055
1 3 12.7755
1 4 45.6199
1 5 3.60451
1 6 43.4852
1 7 38.1469
1 8 16.1148
1 9 25.4208
1 10 4.11705
1 11 26.7182
1 12 44.5212
1 13 8.66424
1 14 11.216
1 15 20.3125
1 16 17.1777
1 17 35.1761
1 18 49.1802
1 19 12.6563
1 20 46.414
1 21 12.067
1 22 6.48513
1 23 49.5419
1 24 4.45537
1 25 21.3848
1 26 5.00128
1 27 8.15869
1 28 11.5454
1 29 12.831
1 30 22.153
1 31 36.3464
1 32 10.4026
1 33 32.1586
1 34 49.1219
1 35 6.02255
1 36 35.7631
1 37 42.6071
1 38 44.1695
1 39 1.87784
1 40 18.0279
1 41 48.2865
1 42 28.596
1 43 12.5491
1 44 6.95076
1 45 39.812
1 46 32.8616
1 47 24.1285
1 48 24.9881
1 49 32.0418
1 50 36.7847
1 51 21.4021
1 52 44.1087
1 53 43.2699
1 54 20.9439
1 55 48.5641
1 56 14.6547
1 57 25.9452
1 58 6.7228
1 59 26.2001
1 60 38.7762
1 61 28.8759
1 62 12.5465
1 63 49.1788
1 64 11.0344
1 65 11.6684
1 66 5.20134
1 67 46.7975
1 68 4.27547
1 69 49.3708
1 70 48.6754
1 71 22.3033
1 72 47.6573
1 73 27.2714
1 74 34.8525
1 75 4.60809
1 76 17.0834
1 77 17.7141
1 78 28.7365
1 79 42.0715
1 80 49.7559
1 81 15.5213
1 82 13.4736
1 83 43.8646
1 84 8.79117
1 85 34.4175
1 86 42.4288
1 87 23.4458
1 88 10.3627
1 89 49.1516
1 90 49.6459
1 91 49.1389
1 92 28.0274
1 93 12.1924
1 94 48.3177
1 95 39.0618
96 95 6
1 2 10.0055
1 3 12.7755
1 4 45.6199
1 5 3.60451
1 6 43.4852
1 7 38.1469
1 8 16.1148
1 9 25.4208
1 10 4.11705
1 11 26.7182
1 12 44.5212
1 13 8.66424
1 14 11.216
1 15 20.3125
1 16 17.1777
1 17 35.1761
1 18 49.1802
1 19 12.6563
1 20 46.414
1 21 12.067
1 22 6.48513
1 23 49.5419
1 24 4.45537
1 25 21.3848
1 26 5.00128
1 27 8.15869
1 28 11.5454
1 29 12.831
1 30 22.153
1 31 36.3464
1 32 10.4026
1 33 32.1586
1 34 49.1219
1 35 6.02255
1 36 35.7631
1 37 42.6071
1 38 44.1695
1 39 1.87784
1 40 18.0279
1 41 48.2865
1 42 28.596
1 43 12.5491
1 44 6.95076
1 45 39.812
1 46 32.8616
1 47 24.1285
1 48 24.9881
1 49 32.0418
1 50 36.7847
1 51 21.4021
1 52 44.1087
1 53 43.2699
1 54 20.9439
1 55 48.5641
1 56 14.6547
1 57 25.9452
1 58 6.7228
1 59 26.2001
1 60 38.7762
1 61 28.8759
1 62 12.5465
1 63 49.1788
1 64 11.0344
1 65 11.6684
1 66 5.20134
1 67 46.7975
1 68 4.27547
1 69 49.3708
1 70 48.6754
1 71 22.3033
1 72 47.6573
1 73 27.2714
1 74 34.8525
1 75 4.60809
1 76 17.0834
1 77 17.7141
1 78 28.7365
1 79 42.0715
1 80 49.7559
1 81 15.5213
1 82 13.4736
1 83 43.8646
1 84 8.79117
1 85 34.4175
1 86 42.4288
1 87 23.4458
1 88 10.3627
1 89 49.1516
1 90 49.6459
1 91 49.1389
1 92 28.0274
1 93 12.1924
1 94 48.3177
1 95 39.0618
1 96 23.8607
97 96 28
1 2 10.0055
1 3 12.7755
1 4 45.6199
1 5 3.60451
1 6 43.4852
1 7 38.1469
1 8 16.1148
1 9 25.4208
1 10 4.11705
1 11 26.7182
1 12 44.5212
1 13 8.66424
1 14 11.216
1 15 20.3125
1 16 17.1777
1 17 35.1761
1 18 49.1802
1 19 12.6563
1 20 46.414
1 21 12.067
1 22 6.48513
1 23 49.5419
1 24 4.45537
1 25 21.3848
1 26 5.00128
1 27 8.15869
1 28 11.5454
1 29 12.831
1 30 22.153
1 31 36.3464
1 32 10.4026
1 33 32.1586
1 34 49.1219
1 35 6.02255
1 36 35.7631
1 37 42.6071
1 38 44.1695
1 39 1.87784
1 40 18.0279
1 41 48.2865
1 42 28.596
1 43 12.5491
1 44 6.95076
1 45 39.812
1 46 32.8616
1 47 24.1285
1 48 24.9881
1 49 32.0418
1 50 36.7847
1 51 21.4021
1 52 44.1087
1 53 43.2699
1 54 20.9439
1 55 48.5641
1 56 14.6547
1 57 25.9452
1 58 6.7228
1 59 26.2001
1 60 38.7762
1 61 28.8759
1 62 12.5465
1 63 49.1788
1 64 11.0344
1 65 11.6684
1 66 5.20134
1 67 46.7975
1 68 4.27547
1 69 49.3708
1 70 48.6754
1 71 22.3033
1 72 47.6573
1 73 27.2714
1 74 34.8525
1 75 4.60809
1 76 17.0834
1 77 17.7141
1 78 28.7365
1 79 42.0715
1 80 49.7559
1 81 15.5213
1 82 13.4736
1 83 43.8646
1 84 8.79117
1 85 34.4175
1 86 42.4288
1 87 23.4458
1 88 10.3627
1 89 49.1516
1 90 49.6459
1 91 49.1389
1 92 28.0274
1 93 12.1924
1 94 48.3177
1 95 39.0618
1 96 23.8607
1 97 3.51901
98 97 16
1 2 10.0055
1 3 12.7755
1 4 45.6199
1 5 3.60451
1 6 43.4852
1 7 38.1469
1 8 16.1148
1 9 25.4208
1 10 4.11705
1 11 26.7182
1 12 44.5212
1 13 8.66424
1 14 11.216
1 15 20.3125
1 16 17.1777
1 17 35.1761
1 18 49.1802
1 19 12.6563
1 20 46.414
1 21 12.067
1 22 6.48513
1 23 49.5419
1 24 4.45537
1 25 21.3848
1 26 5.00128
1 27 8.15869
1 28 11.5454
1 29 12.831
1 30 22.153
1 31 36.3464
1 32 10.4026
1 33 32.1586
1 34 49.1219
1 35 6.02255
1 36 35.7631
1 37 42.6071
1 38 44.1695
1 39 1.87784
1 40 18.0279
1 41 48.2865
1 42 28.596
1 43 12.5491
1 44 6.95076
1 45 39.812
1 46 32.8616
1 47 24.1285
1 48 24.9881
1 49 32.0418
1 50 36.7847
1 51 21.4021
1 52 44.1087
1 53 43.2699
1 54 20.9439
1 55 48.5641
1 56 14.6547
1 57 25.9452
1 58 6.7228
1 59 26.2001
1 60 38.7762
1 61 28.8759
1 62 12.5465
1 63 49.1788
1 64 11.0344
1 65 11.6684
1 66 5.20134
1 67 46.7975
1 68 4.27547
1 69 49.3708
1 70 48.6754
1 71 22.3033
1 72 47.6573
1 73 27.2714
1 74 34.8525
1 75 4.60809
1 76 17.0834
1 77 17.7141
1 78 28.7365
1 79 42.0715
1 80 49.7559
1 81 15.5213
1 82 13.4736
1 83 43.8646
1 84 8.79117
1 85 34.4175
1 86 42.4288
1 87 23.4458
1 88 10.3627
1 89 49.1516
1 90 49.6459
1 91 49.1389
1 92 28.0274
1 93 12.1924
1 94 48.3177
1 95 39.0618
1 96 23.8607
1 97 3.51901
1 98 35.8594
99 98 17
1 2 10.0055
1 3 12.7755
1 4 45.6199
1 5 3.60451
1 6 43.4852
1 7 38.1469
1 8 16.1148
1 9 25.4208
1 10 4.11705
1 11 26.7182
1 12 44.5212
1 13 8.66424
1 14 11.216
1 15 20.3125
1 16 17.1777
1 17 35.1761
1 18 49.1802
1 19 12.6563
1 20 46.414
1 21 12.067
1 22 6.48513
1 23 49.5419
1 24 4.45537
1 25 21.3848
1 26 5.00128
1 27 8.15869
1 28 11.5454
1 29 12.831
1 30 22.153
1 31 36.3464
1 32 10.4026
1 33 32.1586
1 34 49.1219
1 35 6.02255
1 36 35.7631
1 37 42.6071
1 38 44.1695
1 39 1.87784
1 40 18.0279
1 41 48.2865
1 42 28.596
1 43 12.5491
1 44 6.95076
1 45 39.812
1 46 32.8616
1 47 24.1285
1 48 24.9881
1 49 32.0418
1 50 36.7847
1 51 21.4021
1 52 44.1087
1 53 43.2699
1 54 20.9439
1 55 48.5641
1 56 14.6547
1 57 25.9452
1 58 6.7228
1 59 26.2001
1 60 38.7762
1 61 28.8759
1 62 12.5465
1 63 49.1788
1 64 11.0344
1 65 11.6684
1 66 5.20134
1 67 46.7975
1 68 4.27547
1 69 49.3708
1 70 48.6754
1 71 22.3033
1 72 47.6573
1 73 27.2714
1 74 34.8525
1 75 4.60809
1 76 17.0834
1 77 17.7141
1 78 28.7365
1 79 42.0715
1 80 49.7559
1 81 15.5213
1 82 13.4736
1 83 43.8646
1 84 8.79117
1 85 34.4175
1 86 42.4288
1 87 23.4458
1 88 10.3627
1 89 49.1516
1 90 49.6459
1 91 49.1389
1 92 28.0274
1 93 12.1924
1 94 48.3177
1 95 39.0618
1 96 23.8607
1 97 3.51901
1 98 35.8594
1 99 28.1362
100 99 75
1 2 10.0055
1 3 12.7755
1 4 45.6199
1 5 3.60451
1 6 43.4852
1 7 38.1469
1 8 16.1148
1 9 25.4208
1 10 4.11705
1 11 26.7182
1 12 44.5212
1 13 8.66424
1 14 11.216
1 15 20.3125
1 16 17.1777
1 17 35.1761
1 18 49.1802
1 19 12.6563
1 20 46.414
1 21 12.067
1 22 6.48513
1 23 49.5419
1 24 4.45537
1 25 21.3848
1 26 5.00128
1 27 8.15869
1 28 11.5454
1 29 12.831
1 30 22.153
1 31 36.3464
1 32 10.4026
1 33 32.1586
1 34 49.1219
1 35 6.02255
1 36 35.7631
1 37 42.6071
1 38 44.1695
1 39 1.87784
1 40 18.0279
1 41 48.2865
1 42 28.596
1 43 12.5491
1 44 6.95076
1 45 39.812
1 46 32.8616
1 47 24.1285
1 48 24.9881
1 49 32.0418
1 50 36.7847
1 51 21.4021
1 52 44.1087
1 53 43.2699
1 54 20.9439
1 55 48.5641
1 56 14.6547
1 57 25.9452
1 58 6.7228
1 59 26.2001
1 60 38.7762
1 61 28.8759
1 62 12.5465
1 63 49.1788
1 64 11.0344
1 65 11.6684
1 66 5.20134
1 67 46.7975
1 68 4.27547
1 69 49.3708
1 70 48.6754
1 71 22.3033
1 72 47.6573
1 73 27.2714
1 74 34.8525
1 75 4.60809
1 76 17.0834
1 77 17.7141
1 78 28.7365
1 79 42.0715
1 80 49.7559
1 81 15.5213
1 82 13.4736
1 83 43.8646
1 84 8.79117
1 85 34.4175
1 86 42.4288
1 87 23.4458
1 88 10.3627
1 89 49.1516
1 90 49.6459
1 91 49.1389
1 92 28.0274
1 93 12.1924
1 94 48.3177
1 95 39.0618
1 96 23.8607
1 97 3.51901
1 98 35.8594
1 99 28.1362
1 100 2.88982
101 100 75
1 2 10.0055
1 3 12.7755
1 4 45.6199
1 5 3.60451
1 6 43.4852
1 7 38.1469
1 8 16.1148
1 9 25.4208
1 10 4.11705
1 11 26.7182
1 12 44.5212
1 13 8.66424
1 14 11.216
1 15 20.3125
1 16 17.1777
1 17 35.1761
1 18 49.1802
1 19 12.6563
1 20 46.414
1 21 12.067
1 22 6.48513
1 23 49.5419
1 24 4.45537
1 25 21.3848
1 26 5.00128
1 27 8.15869
1 28 11.5454
1 29 12.831
1 30 22.153
1 31 36.3464
1 32 10.4026
1 33 32.1586
1 34 49.1219
1 35 6.02255
1 36 35.7631
1 37 42.6071
1 38 44.1695
1 39 1.87784
1 40 18.0279
1 41 48.2865
1 42 28.596
1 43 12.5491
1 44 6.95076
1 45 39.812
1 46 32.8616
1 47 24.1285
1 48 24.9881
1 49 32.0418
1 50 36.7847
1 51 21.4021
1 52 44.1087
1 53 43.2699
1 54 20.9439
1 55 48.5641
1 56 14.6547
1 57 25.9452
1 58 6.7228
1 59 26.2001
1 60 38.7762
1 61 28.8759
1 62 12.5465
1 63 49.1788
1 64 11.0344
1 65 11.6684
1 66 5.20134
1 67 46.7975
1 68 4.27547
1 69 49.3708
1 70 48.6754
1 71 22.3033
1 72 47.6573
1 73 27.2714
1 74 34.8525
1 75 4.60809
1 76 17.0834
1 77 17.7141
1 78 28.7365
1 79 42.0715
1 80 49.7559
1 81 15.5213
1 82 13.4736
1 83 43.8646
1 84 8.79117
1 85 34.4175
1 86 42.4288
1 87 23.4458
1 88 10.3627
1 89 49.1516
1 90 49.6459
1 91 49.1389
1 92 28.0274
1 93 12.1924
1 94 48.3177
1 95 39.0618
1 96 23.8607
1 97 3.51901
1 98 35.8594
1 99 28.1362
1 100 2.88982
1 101 34.5347
0
