1 0 1
2 1 2
1 2 12.7755
3 3 2
1 2 12.7755
1 3 45.6199
2 3 43.4852
4 4 3
1 2 12.7755
1 3 45.6199
1 4 3.60451
2 3 38.1469
5 5 3
1 2 12.7755
1 3 45.6199
1 4 3.60451
1 5 43.4852
2 3 16.1148
6 6 5
1 2 12.7755
1 3 45.6199
1 4 3.60451
1 5 43.4852
1 6 38.1469
2 3 25.4208
7 7 5
1 2 12.7755
1 3 45.6199
1 4 3.60451
1 5 43.4852
1 6 38.1469
1 7 16.1148
2 3 4.11705
8 8 5
1 2 12.7755
1 3 45.6199
1 4 3.60451
1 5 43.4852
1 6 38.1469
1 7 16.1148
1 8 25.4208
2 3 26.7182
9 9 5
1 2 12.7755
1 3 45.6199
1 4 3.60451
1 5 43.4852
1 6 38.1469
1 7 16.1148
1 8 25.4208
1 9 4.11705
2 3 44.5212
10 10 10
1 2 12.7755
1 3 45.6199
1 4 3.60451
1 5 43.4852
1 6 38.1469
1 7 16.1148
1 8 25.4208
1 9 4.11705
1 10 26.7182
2 3 8.66424
11 11 2
1 2 12.7755
1 3 45.6199
1 4 3.60451
1 5 43.4852
1 6 38.1469
1 7 16.1148
1 8 25.4208
1 9 4.11705
1 10 26.7182
1 11 44.5212
2 3 11.216
12 12 4
1 2 12.7755
1 3 45.6199
1 4 3.60451
1 5 43.4852
1 6 38.1469
1 7 16.1148
1 8 25.4208
1 9 4.11705
1 10 26.7182
1 11 44.5212
1 12 8.66424
2 3 20.3125
13 13 2
1 2 12.7755
1 3 45.6199
1 4 3.60451
1 5 43.4852
1 6 38.1469
1 7 16.1148
1 8 25.4208
1 9 4.11705
1 10 26.7182
1 11 44.5212
1 12 8.66424
1 13 11.216
2 3 17.1777
14 14 6
1 2 12.7755
1 3 45.6199
1 4 3.60451
1 5 43.4852
1 6 38.1469
1 7 16.1148
1 8 25.4208
1 9 4.11705
1 10 26.7182
1 11 44.5212
1 12 8.66424
1 13 11.216
1 14 20.3125
2 3 35.1761
15 15 8
1 2 12.7755
1 3 45.6199
1 4 3.60451
1 5 43.4852
1 6 38.1469
1 7 16.1148
1 8 25.4208
1 9 4.11705
1 10 26.7182
1 11 44.5212
1 12 8.66424
1 13 11.216
1 14 20.3125
1 15 17.1777
2 3 49.1802
16 16 8
1 2 12.7755
1 3 45.6199
1 4 3.60451
1 5 43.4852
1 6 38.1469
1 7 16.1148
1 8 25.4208
1 9 4.11705
1 10 26.7182
1 11 44.5212
1 12 8.66424
1 13 11.216
1 14 20.3125
1 15 17.1777
1 16 35.1761
2 3 12.6563
17 17 10
1 2 12.7755
1 3 45.6199
1 4 3.60451
1 5 43.4852
1 6 38.1469
1 7 16.1148
1 8 25.4208
1 9 4.11705
1 10 26.7182
1 11 44.5212
1 12 8.66424
1 13 11.216
1 14 20.3125
1 15 17.1777
1 16 35.1761
1 17 49.1802
2 3 46.414
18 18 4
1 2 12.7755
1 3 45.6199
1 4 3.60451
1 5 43.4852
1 6 38.1469
1 7 16.1148
1 8 25.4208
1 9 4.11705
1 10 26.7182
1 11 44.5212
1 12 8.66424
1 13 11.216
1 14 20.3125
1 15 17.1777
1 16 35.1761
1 17 49.1802
1 18 12.6563
2 3 12.067
19 19 19
1 2 12.7755
1 3 45.6199
1 4 3.60451
1 5 43.4852
1 6 38.1469
1 7 16.1148
1 8 25.4208
1 9 4.11705
1 10 26.7182
1 11 44.5212
1 12 8.66424
1 13 11.216
1 14 20.3125
1 15 17.1777
1 16 35.1761
1 17 49.1802
1 18 12.6563
1 19 46.414
2 3 6.48513
20 20 9
1 2 12.7755
1 3 45.6199
1 4 3.60451
1 5 43.4852
1 6 38.1469
1 7 16.1148
1 8 25.4208
1 9 4.11705
1 10 26.7182
1 11 44.5212
1 12 8.66424
1 13 11.216
1 14 20.3125
1 15 17.1777
1 16 35.1761
1 17 49.1802
1 18 12.6563
1 19 46.414
1 20 12.067
2 3 49.5419
21 21 6
1 2 12.7755
1 3 45.6199
1 4 3.60451
1 5 43.4852
1 6 38.1469
1 7 16.1148
1 8 25.4208
1 9 4.11705
1 10 26.7182
1 11 44.5212
1 12 8.66424
1 13 11.216
1 14 20.3125
1 15 17.1777
1 16 35.1761
1 17 49.1802
1 18 12.6563
1 19 46.414
1 20 12.067
1 21 6.48513
2 3 4.45537
22 22 6
1 2 12.7755
1 3 45.6199
1 4 3.60451
1 5 43.4852
1 6 38.1469
1 7 16.1148
1 8 25.4208
1 9 4.11705
1 10 26.7182
1 11 44.5212
1 12 8.66424
1 13 11.216
1 14 20.3125
1 15 17.1777
1 16 35.1761
1 17 49.1802
1 18 12.6563
1 19 46.414
1 20 12.067
1 21 6.48513
1 22 49.5419
2 3 21.3848
23 23 16
1 2 12.7755
1 3 45.6199
1 4 3.60451
1 5 43.4852
1 6 38.1469
1 7 16.1148
1 8 25.4208
1 9 4.11705
1 10 26.7182
1 11 44.5212
1 12 8.66424
1 13 11.216
1 14 20.3125
1 15 17.1777
1 16 35.1761
1 17 49.1802
1 18 12.6563
1 19 46.414
1 20 12.067
1 21 6.48513
1 22 49.5419
1 23 4.45537
2 3 5.00128
24 24 13
1 2 12.7755
1 3 45.6199
1 4 3.60451
1 5 43.4852
1 6 38.1469
1 7 16.1148
1 8 25.4208
1 9 4.11705
1 10 26.7182
1 11 44.5212
1 12 8.66424
1 13 11.216
1 14 20.3125
1 15 17.1777
1 16 35.1761
1 17 49.1802
1 18 12.6563
1 19 46.414
1 20 12.067
1 21 6.48513
1 22 49.5419
1 23 4.45537
1 24 21.3848
2 3 8.15869
25 25 2
1 2 12.7755
1 3 45.6199
1 4 3.60451
1 5 43.4852
1 6 38.1469
1 7 16.1148
1 8 25.4208
1 9 4.11705
1 10 26.7182
1 11 44.5212
1 12 8.66424
1 13 11.216
1 14 20.3125
1 15 17.1777
1 16 35.1761
1 17 49.1802
1 18 12.6563
1 19 46.414
1 20 12.067
1 21 6.48513
1 22 49.5419
1 23 4.45537
1 24 21.3848
1 25 5.00128
2 3 11.5454
26 26 14
1 2 12.7755
1 3 45.6199
1 4 3.60451
1 5 43.4852
1 6 38.1469
1 7 16.1148
1 8 25.4208
1 9 4.11705
1 10 26.7182
1 11 44.5212
1 12 8.66424
1 13 11.216
1 14 20.3125
1 15 17.1777
1 16 35.1761
1 17 49.1802
1 18 12.6563
1 19 46.414
1 20 12.067
1 21 6.48513
1 22 49.5419
1 23 4.45537
1 24 21.3848
1 25 5.00128
1 26 8.15869
2 3 12.831
27 27 7
1 2 12.7755
1 3 45.6199
1 4 3.60451
1 5 43.4852
1 6 38.1469
1 7 16.1148
1 8 25.4208
1 9 4.11705
1 10 26.7182
1 11 44.5212
1 12 8.66424
1 13 11.216
1 14 20.3125
1 15 17.1777
1 16 35.1761
1 17 49.1802
1 18 12.6563
1 19 46.414
1 20 12.067
1 21 6.48513
1 22 49.5419
1 23 4.45537
1 24 21.3848
1 25 5.00128
1 26 8.15869
1 27 11.5454
2 3 22.153
28 28 18
1 2 12.7755
1 3 45.6199
1 4 3.60451
1 5 43.4852
1 6 38.1469
1 7 16.1148
1 8 25.4208
1 9 4.11705
1 10 26.7182
1 11 44.5212
1 12 8.66424
1 13 11.216
1 14 20.3125
1 15 17.1777
1 16 35.1761
1 17 49.1802
1 18 12.6563
1 19 46.414
1 20 12.067
1 21 6.48513
1 22 49.5419
1 23 4.45537
1 24 21.3848
1 25 5.00128
1 26 8.15869
1 27 11.5454
1 28 12.831
2 3 36.3464
29 29 4
1 2 12.7755
1 3 45.6199
1 4 3.60451
1 5 43.4852
1 6 38.1469
1 7 16.1148
1 8 25.4208
1 9 4.11705
1 10 26.7182
1 11 44.5212
1 12 8.66424
1 13 11.216
1 14 20.3125
1 15 17.1777
1 16 35.1761
1 17 49.1802
1 18 12.6563
1 19 46.414
1 20 12.067
1 21 6.48513
1 22 49.5419
1 23 4.45537
1 24 21.3848
1 25 5.00128
1 26 8.15869
1 27 11.5454
1 28 12.831
1 29 22.153
2 3 10.4026
30 30 27
1 2 12.7755
1 3 45.6199
1 4 3.60451
1 5 43.4852
1 6 38.1469
1 7 16.1148
1 8 25.4208
1 9 4.11705
1 10 26.7182
1 11 44.5212
1 12 8.66424
1 13 11.216
1 14 20.3125
1 15 17.1777
1 16 35.1761
1 17 49.1802
1 18 12.6563
1 19 46.414
1 20 12.067
1 21 6.48513
1 22 49.5419
1 23 4.45537
1 24 21.3848
1 25 5.00128
1 26 8.15869
1 27 11.5454
1 28 12.831
1 29 22.153
1 30 36.3464
2 3 32.1586
31 31 11
1 2 12.7755
1 3 45.6199
1 4 3.60451
1 5 43.4852
1 6 38.1469
1 7 16.1148
1 8 25.4208
1 9 4.11705
1 10 26.7182
1 11 44.5212
1 12 8.66424
1 13 11.216
1 14 20.3125
1 15 17.1777
1 16 35.1761
1 17 49.1802
1 18 12.6563
1 19 46.414
1 20 12.067
1 21 6.48513
1 22 49.5419
1 23 4.45537
1 24 21.3848
1 25 5.00128
1 26 8.15869
1 27 11.5454
1 28 12.831
1 29 22.153
1 30 36.3464
1 31 10.4026
2 3 49.1219
32 32 11
1 2 12.7755
1 3 45.6199
1 4 3.60451
1 5 43.4852
1 6 38.1469
1 7 16.1148
1 8 25.4208
1 9 4.11705
1 10 26.7182
1 11 44.5212
1 12 8.66424
1 13 11.216
1 14 20.3125
1 15 17.1777
1 16 35.1761
1 17 49.1802
1 18 12.6563
1 19 46.414
1 20 12.067
1 21 6.48513
1 22 49.5419
1 23 4.45537
1 24 21.3848
1 25 5.00128
1 26 8.15869
1 27 11.5454
1 28 12.831
1 29 22.153
1 30 36.3464
1 31 10.4026
1 32 32.1586
2 3 6.02255
33 33 5
1 2 12.7755
1 3 45.6199
1 4 3.60451
1 5 43.4852
1 6 38.1469
1 7 16.1148
1 8 25.4208
1 9 4.11705
1 10 26.7182
1 11 44.5212
1 12 8.66424
1 13 11.216
1 14 20.3125
1 15 17.1777
1 16 35.1761
1 17 49.1802
1 18 12.6563
1 19 46.414
1 20 12.067
1 21 6.48513
1 22 49.5419
1 23 4.45537
1 24 21.3848
1 25 5.00128
1 26 8.15869
1 27 11.5454
1 28 12.831
1 29 22.153
1 30 36.3464
1 31 10.4026
1 32 32.1586
1 33 49.1219
2 3 35.7631
34 34 4
1 2 12.7755
1 3 45.6199
1 4 3.60451
1 5 43.4852
1 6 38.1469
1 7 16.1148
1 8 25.4208
1 9 4.11705
1 10 26.7182
1 11 44.5212
1 12 8.66424
1 13 11.216
1 14 20.3125
1 15 17.1777
1 16 35.1761
1 17 49.1802
1 18 12.6563
1 19 46.414
1 20 12.067
1 21 6.48513
1 22 49.5419
1 23 4.45537
1 24 21.3848
1 25 5.00128
1 26 8.15869
1 27 11.5454
1 28 12.831
1 29 22.153
1 30 36.3464
1 31 10.4026
1 32 32.1586
1 33 49.1219
1 34 6.02255
2 3 42.6071
35 35 8
1 2 12.7755
1 3 45.6199
1 4 3.60451
1 5 43.4852
1 6 38.1469
1 7 16.1148
1 8 25.4208
1 9 4.11705
1 10 26.7182
1 11 44.5212
1 12 8.66424
1 13 11.216
1 14 20.3125
1 15 17.1777
1 16 35.1761
1 17 49.1802
1 18 12.6563
1 19 46.414
1 20 12.067
1 21 6.48513
1 22 49.5419
1 23 4.45537
1 24 21.3848
1 25 5.00128
1 26 8.15869
1 27 11.5454
1 28 12.831
1 29 22.153
1 30 36.3464
1 31 10.4026
1 32 32.1586
1 33 49.1219
1 34 6.02255
1 35 35.7631
2 3 44.1695
36 36 8
1 2 12.7755
1 3 45.6199
1 4 3.60451
1 5 43.4852
1 6 38.1469
1 7 16.1148
1 8 25.4208
1 9 4.11705
1 10 26.7182
1 11 44.5212
1 12 8.66424
1 13 11.216
1 14 20.3125
1 15 17.1777
1 16 35.1761
1 17 49.1802
1 18 12.6563
1 19 46.414
1 20 12.067
1 21 6.48513
1 22 49.5419
1 23 4.45537
1 24 21.3848
1 25 5.00128
1 26 8.15869
1 27 11.5454
1 28 12.831
1 29 22.153
1 30 36.3464
1 31 10.4026
1 32 32.1586
1 33 49.1219
1 34 6.02255
1 35 35.7631
1 36 42.6071
2 3 1.87784
37 37 20
1 2 12.7755
1 3 45.6199
1 4 3.60451
1 5 43.4852
1 6 38.1469
1 7 16.1148
1 8 25.4208
1 9 4.11705
1 10 26.7182
1 11 44.5212
1 12 8.66424
1 13 11.216
1 14 20.3125
1 15 17.1777
1 16 35.1761
1 17 49.1802
1 18 12.6563
1 19 46.414
1 20 12.067
1 21 6.48513
1 22 49.5419
1 23 4.45537
1 24 21.3848
1 25 5.00128
1 26 8.15869
1 27 11.5454
1 28 12.831
1 29 22.153
1 30 36.3464
1 31 10.4026
1 32 32.1586
1 33 49.1219
1 34 6.02255
1 35 35.7631
1 36 42.6071
1 37 44.1695
2 3 18.0279
38 38 31
1 2 12.7755
1 3 45.6199
1 4 3.60451
1 5 43.4852
1 6 38.1469
1 7 16.1148
1 8 25.4208
1 9 4.11705
1 10 26.7182
1 11 44.5212
1 12 8.66424
1 13 11.216
1 14 20.3125
1 15 17.1777
1 16 35.1761
1 17 49.1802
1 18 12.6563
1 19 46.414
1 20 12.067
1 21 6.48513
1 22 49.5419
1 23 4.45537
1 24 21.3848
1 25 5.00128
1 26 8.15869
1 27 11.5454
1 28 12.831
1 29 22.153
1 30 36.3464
1 31 10.4026
1 32 32.1586
1 33 49.1219
1 34 6.02255
1 35 35.7631
1 36 42.6071
1 37 44.1695
1 38 1.87784
2 3 48.2865
39 39 3
1 2 12.7755
1 3 45.6199
1 4 3.60451
1 5 43.4852
1 6 38.1469
1 7 16.1148
1 8 25.4208
1 9 4.11705
1 10 26.7182
1 11 44.5212
1 12 8.66424
1 13 11.216
1 14 20.3125
1 15 17.1777
1 16 35.1761
1 17 49.1802
1 18 12.6563
1 19 46.414
1 20 12.067
1 21 6.48513
1 22 49.5419
1 23 4.45537
1 24 21.3848
1 25 5.00128
1 26 8.15869
1 27 11.5454
1 28 12.831
1 29 22.153
1 30 36.3464
1 31 10.4026
1 32 32.1586
1 33 49.1219
1 34 6.02255
1 35 35.7631
1 36 42.6071
1 37 44.1695
1 38 1.87784
1 39 18.0279
2 3 28.596
40 40 33
1 2 12.7755
1 3 45.6199
1 4 3.60451
1 5 43.4852
1 6 38.1469
1 7 16.1148
1 8 25.4208
1 9 4.11705
1 10 26.7182
1 11 44.5212
1 12 8.66424
1 13 11.216
1 14 20.3125
1 15 17.1777
1 16 35.1761
1 17 49.1802
1 18 12.6563
1 19 46.414
1 20 12.067
1 21 6.48513
1 22 49.5419
1 23 4.45537
1 24 21.3848
1 25 5.00128
1 26 8.15869
1 27 11.5454
1 28 12.831
1 29 22.153
1 30 36.3464
1 31 10.4026
1 32 32.1586
1 33 49.1219
1 34 6.02255
1 35 35.7631
1 36 42.6071
1 37 44.1695
1 38 1.87784
1 39 18.0279
1 40 48.2865
2 3 12.5491
41 41 27
1 2 12.7755
1 3 45.6199
1 4 3.60451
1 5 43.4852
1 6 38.1469
1 7 16.1148
1 8 25.4208
1 9 4.11705
1 10 26.7182
1 11 44.5212
1 12 8.66424
1 13 11.216
1 14 20.3125
1 15 17.1777
1 16 35.1761
1 17 49.1802
1 18 12.6563
1 19 46.414
1 20 12.067
1 21 6.48513
1 22 49.5419
1 23 4.45537
1 24 21.3848
1 25 5.00128
1 26 8.15869
1 27 11.5454
1 28 12.831
1 29 22.153
1 30 36.3464
1 31 10.4026
1 32 32.1586
1 33 49.1219
1 34 6.02255
1 35 35.7631
1 36 42.6071
1 37 44.1695
1 38 1.87784
1 39 18.0279
1 40 48.2865
1 41 28.596
2 3 6.95076
42 42 35
1 2 12.7755
1 3 45.6199
1 4 3.60451
1 5 43.4852
1 6 38.1469
1 7 16.1148
1 8 25.4208
1 9 4.11705
1 10 26.7182
1 11 44.5212
1 12 8.66424
1 13 11.216
1 14 20.3125
1 15 17.1777
1 16 35.1761
1 17 49.1802
1 18 12.6563
1 19 46.414
1 20 12.067
1 21 6.48513
1 22 49.5419
1 23 4.45537
1 24 21.3848
1 25 5.00128
1 26 8.15869
1 27 11.5454
1 28 12.831
1 29 22.153
1 30 36.3464
1 31 10.4026
1 32 32.1586
1 33 49.1219
1 34 6.02255
1 35 35.7631
1 36 42.6071
1 37 44.1695
1 38 1.87784
1 39 18.0279
1 40 48.2865
1 41 28.596
1 42 12.5491
2 3 39.812
43 43 4
1 2 12.7755
1 3 45.6199
1 4 3.60451
1 5 43.4852
1 6 38.1469
1 7 16.1148
1 8 25.4208
1 9 4.11705
1 10 26.7182
1 11 44.5212
1 12 8.66424
1 13 11.216
1 14 20.3125
1 15 17.1777
1 16 35.1761
1 17 49.1802
1 18 12.6563
1 19 46.414
1 20 12.067
1 21 6.48513
1 22 49.5419
1 23 4.45537
1 24 21.3848
1 25 5.00128
1 26 8.15869
1 27 11.5454
1 28 12.831
1 29 22.153
1 30 36.3464
1 31 10.4026
1 32 32.1586
1 33 49.1219
1 34 6.02255
1 35 35.7631
1 36 42.6071
1 37 44.1695
1 38 1.87784
1 39 18.0279
1 40 48.2865
1 41 28.596
1 42 12.5491
1 43 6.95076
2 3 32.8616
44 44 36
1 2 12.7755
1 3 45.6199
1 4 3.60451
1 5 43.4852
1 6 38.1469
1 7 16.1148
1 8 25.4208
1 9 4.11705
1 10 26.7182
1 11 44.5212
1 12 8.66424
1 13 11.216
1 14 20.3125
1 15 17.1777
1 16 35.1761
1 17 49.1802
1 18 12.6563
1 19 46.414
1 20 12.067
1 21 6.48513
1 22 49.5419
1 23 4.45537
1 24 21.3848
1 25 5.00128
1 26 8.15869
1 27 11.5454
1 28 12.831
1 29 22.153
1 30 36.3464
1 31 10.4026
1 32 32.1586
1 33 49.1219
1 34 6.02255
1 35 35.7631
1 36 42.6071
1 37 44.1695
1 38 1.87784
1 39 18.0279
1 40 48.2865
1 41 28.596
1 42 12.5491
1 43 6.95076
1 44 39.812
2 3 24.1285
45 45 6
1 2 12.7755
1 3 45.6199
1 4 3.60451
1 5 43.4852
1 6 38.1469
1 7 16.1148
1 8 25.4208
1 9 4.11705
1 10 26.7182
1 11 44.5212
1 12 8.66424
1 13 11.216
1 14 20.3125
1 15 17.1777
1 16 35.1761
1 17 49.1802
1 18 12.6563
1 19 46.414
1 20 12.067
1 21 6.48513
1 22 49.5419
1 23 4.45537
1 24 21.3848
1 25 5.00128
1 26 8.15869
1 27 11.5454
1 28 12.831
1 29 22.153
1 30 36.3464
1 31 10.4026
1 32 32.1586
1 33 49.1219
1 34 6.02255
1 35 35.7631
1 36 42.6071
1 37 44.1695
1 38 1.87784
1 39 18.0279
1 40 48.2865
1 41 28.596
1 42 12.5491
1 43 6.95076
1 44 39.812
1 45 32.8616
2 3 24.9881
46 46 11
1 2 12.7755
1 3 45.6199
1 4 3.60451
1 5 43.4852
1 6 38.1469
1 7 16.1148
1 8 25.4208
1 9 4.11705
1 10 26.7182
1 11 44.5212
1 12 8.66424
1 13 11.216
1 14 20.3125
1 15 17.1777
1 16 35.1761
1 17 49.1802
1 18 12.6563
1 19 46.414
1 20 12.067
1 21 6.48513
1 22 49.5419
1 23 4.45537
1 24 21.3848
1 25 5.00128
1 26 8.15869
1 27 11.5454
1 28 12.831
1 29 22.153
1 30 36.3464
1 31 10.4026
1 32 32.1586
1 33 49.1219
1 34 6.02255
1 35 35.7631
1 36 42.6071
1 37 44.1695
1 38 1.87784
1 39 18.0279
1 40 48.2865
1 41 28.596
1 42 12.5491
1 43 6.95076
1 44 39.812
1 45 32.8616
1 46 24.1285
2 3 32.0418
47 47 4
1 2 12.7755
1 3 45.6199
1 4 3.60451
1 5 43.4852
1 6 38.1469
1 7 16.1148
1 8 25.4208
1 9 4.11705
1 10 26.7182
1 11 44.5212
1 12 8.66424
1 13 11.216
1 14 20.3125
1 15 17.1777
1 16 35.1761
1 17 49.1802
1 18 12.6563
1 19 46.414
1 20 12.067
1 21 6.48513
1 22 49.5419
1 23 4.45537
1 24 21.3848
1 25 5.00128
1 26 8.15869
1 27 11.5454
1 28 12.831
1 29 22.153
1 30 36.3464
1 31 10.4026
1 32 32.1586
1 33 49.1219
1 34 6.02255
1 35 35.7631
1 36 42.6071
1 37 44.1695
1 38 1.87784
1 39 18.0279
1 40 48.2865
1 41 28.596
1 42 12.5491
1 43 6.95076
1 44 39.812
1 45 32.8616
1 46 24.1285
1 47 24.9881
2 3 36.7847
48 48 40
1 2 12.7755
1 3 45.6199
1 4 3.60451
1 5 43.4852
1 6 38.1469
1 7 16.1148
1 8 25.4208
1 9 4.11705
1 10 26.7182
1 11 44.5212
1 12 8.66424
1 13 11.216
1 14 20.3125
1 15 17.1777
1 16 35.1761
1 17 49.1802
1 18 12.6563
1 19 46.414
1 20 12.067
1 21 6.48513
1 22 49.5419
1 23 4.45537
1 24 21.3848
1 25 5.00128
1 26 8.15869
1 27 11.5454
1 28 12.831
1 29 22.153
1 30 36.3464
1 31 10.4026
1 32 32.1586
1 33 49.1219
1 34 6.02255
1 35 35.7631
1 36 42.6071
1 37 44.1695
1 38 1.87784
1 39 18.0279
1 40 48.2865
1 41 28.596
1 42 12.5491
1 43 6.95076
1 44 39.812
1 45 32.8616
1 46 24.1285
1 47 24.9881
1 48 32.0418
2 3 21.4021
49 49 9
1 2 12.7755
1 3 45.6199
1 4 3.60451
1 5 43.4852
1 6 38.1469
1 7 16.1148
1 8 25.4208
1 9 4.11705
1 10 26.7182
1 11 44.5212
1 12 8.66424
1 13 11.216
1 14 20.3125
1 15 17.1777
1 16 35.1761
1 17 49.1802
1 18 12.6563
1 19 46.414
1 20 12.067
1 21 6.48513
1 22 49.5419
1 23 4.45537
1 24 21.3848
1 25 5.00128
1 26 8.15869
1 27 11.5454
1 28 12.831
1 29 22.153
1 30 36.3464
1 31 10.4026
1 32 32.1586
1 33 49.1219
1 34 6.02255
1 35 35.7631
1 36 42.6071
1 37 44.1695
1 38 1.87784
1 39 18.0279
1 40 48.2865
1 41 28.596
1 42 12.5491
1 43 6.95076
1 44 39.812
1 45 32.8616
1 46 24.1285
1 47 24.9881
1 48 32.0418
1 49 36.7847
2 3 44.1087
50 50 26
1 2 12.7755
1 3 45.6199
1 4 3.60451
1 5 43.4852
1 6 38.1469
1 7 16.1148
1 8 25.4208
1 9 4.11705
1 10 26.7182
1 11 44.5212
1 12 8.66424
1 13 11.216
1 14 20.3125
1 15 17.1777
1 16 35.1761
1 17 49.1802
1 18 12.6563
1 19 46.414
1 20 12.067
1 21 6.48513
1 22 49.5419
1 23 4.45537
1 24 21.3848
1 25 5.00128
1 26 8.15869
1 27 11.5454
1 28 12.831
1 29 22.153
1 30 36.3464
1 31 10.4026
1 32 32.1586
1 33 49.1219
1 34 6.02255
1 35 35.7631
1 36 42.6071
1 37 44.1695
1 38 1.87784
1 39 18.0279
1 40 48.2865
1 41 28.596
1 42 12.5491
1 43 6.95076
1 44 39.812
1 45 32.8616
1 46 24.1285
1 47 24.9881
1 48 32.0418
1 49 36.7847
1 50 21.4021
2 3 43.2699
51 51 29
1 2 12.7755
1 3 45.6199
1 4 3.60451
1 5 43.4852
1 6 38.1469
1 7 16.1148
1 8 25.4208
1 9 4.11705
1 10 26.7182
1 11 44.5212
1 12 8.66424
1 13 11.216
1 14 20.3125
1 15 17.1777
1 16 35.1761
1 17 49.1802
1 18 12.6563
1 19 46.414
1 20 12.067
1 21 6.48513
1 22 49.5419
1 23 4.45537
1 24 21.3848
1 25 5.00128
1 26 8.15869
1 27 11.5454
1 28 12.831
1 29 22.153
1 30 36.3464
1 31 10.4026
1 32 32.1586
1 33 49.1219
1 34 6.02255
1 35 35.7631
1 36 42.6071
1 37 44.1695
1 38 1.87784
1 39 18.0279
1 40 48.2865
1 41 28.596
1 42 12.5491
1 43 6.95076
1 44 39.812
1 45 32.8616
1 46 24.1285
1 47 24.9881
1 48 32.0418
1 49 36.7847
1 50 21.4021
1 51 44.1087
2 3 20.9439
52 52 27
1 2 12.7755
1 3 45.6199
1 4 3.60451
1 5 43.4852
1 6 38.1469
1 7 16.1148
1 8 25.4208
1 9 4.11705
1 10 26.7182
1 11 44.5212
1 12 8.66424
1 13 11.216
1 14 20.3125
1 15 17.1777
1 16 35.1761
1 17 49.1802
1 18 12.6563
1 19 46.414
1 20 12.067
1 21 6.48513
1 22 49.5419
1 23 4.45537
1 24 21.3848
1 25 5.00128
1 26 8.15869
1 27 11.5454
1 28 12.831
1 29 22.153
1 30 36.3464
1 31 10.4026
1 32 32.1586
1 33 49.1219
1 34 6.02255
1 35 35.7631
1 36 42.6071
1 37 44.1695
1 38 1.87784
1 39 18.0279
1 40 48.2865
1 41 28.596
1 42 12.5491
1 43 6.95076
1 44 39.812
1 45 32.8616
1 46 24.1285
1 47 24.9881
1 48 32.0418
1 49 36.7847
1 50 21.4021
1 51 44.1087
1 52 43.2699
2 3 48.5641
53 53 2
1 2 12.7755
1 3 45.6199
1 4 3.60451
1 5 43.4852
1 6 38.1469
1 7 16.1148
1 8 25.4208
1 9 4.11705
1 10 26.7182
1 11 44.5212
1 12 8.66424
1 13 11.216
1 14 20.3125
1 15 17.1777
1 16 35.1761
1 17 49.1802
1 18 12.6563
1 19 46.414
1 20 12.067
1 21 6.48513
1 22 49.5419
1 23 4.45537
1 24 21.3848
1 25 5.00128
1 26 8.15869
1 27 11.5454
1 28 12.831
1 29 22.153
1 30 36.3464
1 31 10.4026
1 32 32.1586
1 33 49.1219
1 34 6.02255
1 35 35.7631
1 36 42.6071
1 37 44.1695
1 38 1.87784
1 39 18.0279
1 40 48.2865
1 41 28.596
1 42 12.5491
1 43 6.95076
1 44 39.812
1 45 32.8616
1 46 24.1285
1 47 24.9881
1 48 32.0418
1 49 36.7847
1 50 21.4021
1 51 44.1087
1 52 43.2699
1 53 20.9439
2 3 14.6547
54 54 49
1 2 12.7755
1 3 45.6199
1 4 3.60451
1 5 43.4852
1 6 38.1469
1 7 16.1148
1 8 25.4208
1 9 4.11705
1 10 26.7182
1 11 44.5212
1 12 8.66424
1 13 11.216
1 14 20.3125
1 15 17.1777
1 16 35.1761
1 17 49.1802
1 18 12.6563
1 19 46.414
1 20 12.067
1 21 6.48513
1 22 49.5419
1 23 4.45537
1 24 21.3848
1 25 5.00128
1 26 8.15869
1 27 11.5454
1 28 12.831
1 29 22.153
1 30 36.3464
1 31 10.4026
1 32 32.1586
1 33 49.1219
1 34 6.02255
1 35 35.7631
1 36 42.6071
1 37 44.1695
1 38 1.87784
1 39 18.0279
1 40 48.2865
1 41 28.596
1 42 12.5491
1 43 6.95076
1 44 39.812
1 45 32.8616
1 46 24.1285
1 47 24.9881
1 48 32.0418
1 49 36.7847
1 50 21.4021
1 51 44.1087
1 52 43.2699
1 53 20.9439
1 54 48.5641
2 3 25.9452
55 55 15
1 2 12.7755
1 3 45.6199
1 4 3.60451
1 5 43.4852
1 6 38.1469
1 7 16.1148
1 8 25.4208
1 9 4.11705
1 10 26.7182
1 11 44.5212
1 12 8.66424
1 13 11.216
1 14 20.3125
1 15 17.1777
1 16 35.1761
1 17 49.1802
1 18 12.6563
1 19 46.414
1 20 12.067
1 21 6.48513
1 22 49.5419
1 23 4.45537
1 24 21.3848
1 25 5.00128
1 26 8.15869
1 27 11.5454
1 28 12.831
1 29 22.153
1 30 36.3464
1 31 10.4026
1 32 32.1586
1 33 49.1219
1 34 6.02255
1 35 35.7631
1 36 42.6071
1 37 44.1695
1 38 1.87784
1 39 18.0279
1 40 48.2865
1 41 28.596
1 42 12.5491
1 43 6.95076
1 44 39.812
1 45 32.8616
1 46 24.1285
1 47 24.9881
1 48 32.0418
1 49 36.7847
1 50 21.4021
1 51 44.1087
1 52 43.2699
1 53 20.9439
1 54 48.5641
1 55 14.6547
2 3 6.7228
56 56 21
1 2 12.7755
1 3 45.6199
1 4 3.60451
1 5 43.4852
1 6 38.1469
1 7 16.1148
1 8 25.4208
1 9 4.11705
1 10 26.7182
1 11 44.5212
1 12 8.66424
1 13 11.216
1 14 20.3125
1 15 17.1777
1 16 35.1761
1 17 49.1802
1 18 12.6563
1 19 46.414
1 20 12.067
1 21 6.48513
1 22 49.5419
1 23 4.45537
1 24 21.3848
1 25 5.00128
1 26 8.15869
1 27 11.5454
1 28 12.831
1 29 22.153
1 30 36.3464
1 31 10.4026
1 32 32.1586
1 33 49.1219
1 34 6.02255
1 35 35.7631
1 36 42.6071
1 37 44.1695
1 38 1.87784
1 39 18.0279
1 40 48.2865
1 41 28.596
1 42 12.5491
1 43 6.95076
1 44 39.812
1 45 32.8616
1 46 24.1285
1 47 24.9881
1 48 32.0418
1 49 36.7847
1 50 21.4021
1 51 44.1087
1 52 43.2699
1 53 20.9439
1 54 48.5641
1 55 14.6547
1 56 25.9452
2 3 26.2001
57 57 38
1 2 12.7755
1 3 45.6199
1 4 3.60451
1 5 43.4852
1 6 38.1469
1 7 16.1148
1 8 25.4208
1 9 4.11705
1 10 26.7182
1 11 44.5212
1 12 8.66424
1 13 11.216
1 14 20.3125
1 15 17.1777
1 16 35.1761
1 17 49.1802
1 18 12.6563
1 19 46.414
1 20 12.067
1 21 6.48513
1 22 49.5419
1 23 4.45537
1 24 21.3848
1 25 5.00128
1 26 8.15869
1 27 11.5454
1 28 12.831
1 29 22.153
1 30 36.3464
1 31 10.4026
1 32 32.1586
1 33 49.1219
1 34 6.02255
1 35 35.7631
1 36 42.6071
1 37 44.1695
1 38 1.87784
1 39 18.0279
1 40 48.2865
1 41 28.596
1 42 12.5491
1 43 6.95076
1 44 39.812
1 45 32.8616
1 46 24.1285
1 47 24.9881
1 48 32.0418
1 49 36.7847
1 50 21.4021
1 51 44.1087
1 52 43.2699
1 53 20.9439
1 54 48.5641
1 55 14.6547
1 56 25.9452
1 57 6.7228
2 3 38.7762
58 58 47
1 2 12.7755
1 3 45.6199
1 4 3.60451
1 5 43.4852
1 6 38.1469
1 7 16.1148
1 8 25.4208
1 9 4.11705
1 10 26.7182
1 11 44.5212
1 12 8.66424
1 13 11.216
1 14 20.3125
1 15 17.1777
1 16 35.1761
1 17 49.1802
1 18 12.6563
1 19 46.414
1 20 12.067
1 21 6.48513
1 22 49.5419
1 23 4.45537
1 24 21.3848
1 25 5.00128
1 26 8.15869
1 27 11.5454
1 28 12.831
1 29 22.153
1 30 36.3464
1 31 10.4026
1 32 32.1586
1 33 49.1219
1 34 6.02255
1 35 35.7631
1 36 42.6071
1 37 44.1695
1 38 1.87784
1 39 18.0279
1 40 48.2865
1 41 28.596
1 42 12.5491
1 43 6.95076
1 44 39.812
1 45 32.8616
1 46 24.1285
1 47 24.9881
1 48 32.0418
1 49 36.7847
1 50 21.4021
1 51 44.1087
1 52 43.2699
1 53 20.9439
1 54 48.5641
1 55 14.6547
1 56 25.9452
1 57 6.7228
1 58 26.2001
2 3 28.8759
59 59 18
1 2 12.7755
1 3 45.6199
1 4 3.60451
1 5 43.4852
1 6 38.1469
1 7 16.1148
1 8 25.4208
1 9 4.11705
1 10 26.7182
1 11 44.5212
1 12 8.66424
1 13 11.216
1 14 20.3125
1 15 17.1777
1 16 35.1761
1 17 49.1802
1 18 12.6563
1 19 46.414
1 20 12.067
1 21 6.48513
1 22 49.5419
1 23 4.45537
1 24 21.3848
1 25 5.00128
1 26 8.15869
1 27 11.5454
1 28 12.831
1 29 22.153
1 30 36.3464
1 31 10.4026
1 32 32.1586
1 33 49.1219
1 34 6.02255
1 35 35.7631
1 36 42.6071
1 37 44.1695
1 38 1.87784
1 39 18.0279
1 40 48.2865
1 41 28.596
1 42 12.5491
1 43 6.95076
1 44 39.812
1 45 32.8616
1 46 24.1285
1 47 24.9881
1 48 32.0418
1 49 36.7847
1 50 21.4021
1 51 44.1087
1 52 43.2699
1 53 20.9439
1 54 48.5641
1 55 14.6547
1 56 25.9452
1 57 6.7228
1 58 26.2001
1 59 38.7762
2 3 12.5465
60 60 19
1 2 12.7755
1 3 45.6199
1 4 3.60451
1 5 43.4852
1 6 38.1469
1 7 16.1148
1 8 25.4208
1 9 4.11705
1 10 26.7182
1 11 44.5212
1 12 8.66424
1 13 11.216
1 14 20.3125
1 15 17.1777
1 16 35.1761
1 17 49.1802
1 18 12.6563
1 19 46.414
1 20 12.067
1 21 6.48513
1 22 49.5419
1 23 4.45537
1 24 21.3848
1 25 5.00128
1 26 8.15869
1 27 11.5454
1 28 12.831
1 29 22.153
1 30 36.3464
1 31 10.4026
1 32 32.1586
1 33 49.1219
1 34 6.02255
1 35 35.7631
1 36 42.6071
1 37 44.1695
1 38 1.87784
1 39 18.0279
1 40 48.2865
1 41 28.596
1 42 12.5491
1 43 6.95076
1 44 39.812
1 45 32.8616
1 46 24.1285
1 47 24.9881
1 48 32.0418
1 49 36.7847
1 50 21.4021
1 51 44.1087
1 52 43.2699
1 53 20.9439
1 54 48.5641
1 55 14.6547
1 56 25.9452
1 57 6.7228
1 58 26.2001
1 59 38.7762
1 60 28.8759
2 3 49.1788
61 61 41
1 2 12.7755
1 3 45.6199
1 4 3.60451
1 5 43.4852
1 6 38.1469
1 7 16.1148
1 8 25.4208
1 9 4.11705
1 10 26.7182
1 11 44.5212
1 12 8.66424
1 13 11.216
1 14 20.3125
1 15 17.1777
1 16 35.1761
1 17 49.1802
1 18 12.6563
1 19 46.414
1 20 12.067
1 21 6.48513
1 22 49.5419
1 23 4.45537
1 24 21.3848
1 25 5.00128
1 26 8.15869
1 27 11.5454
1 28 12.831
1 29 22.153
1 30 36.3464
1 31 10.4026
1 32 32.1586
1 33 49.1219
1 34 6.02255
1 35 35.7631
1 36 42.6071
1 37 44.1695
1 38 1.87784
1 39 18.0279
1 40 48.2865
1 41 28.596
1 42 12.5491
1 43 6.95076
1 44 39.812
1 45 32.8616
1 46 24.1285
1 47 24.9881
1 48 32.0418
1 49 36.7847
1 50 21.4021
1 51 44.1087
1 52 43.2699
1 53 20.9439
1 54 48.5641
1 55 14.6547
1 56 25.9452
1 57 6.7228
1 58 26.2001
1 59 38.7762
1 60 28.8759
1 61 12.5465
2 3 11.0344
62 62 7
1 2 12.7755
1 3 45.6199
1 4 3.60451
1 5 43.4852
1 6 38.1469
1 7 16.1148
1 8 25.4208
1 9 4.11705
1 10 26.7182
1 11 44.5212
1 12 8.66424
1 13 11.216
1 14 20.3125
1 15 17.1777
1 16 35.1761
1 17 49.1802
1 18 12.6563
1 19 46.414
1 20 12.067
1 21 6.48513
1 22 49.5419
1 23 4.45537
1 24 21.3848
1 25 5.00128
1 26 8.15869
1 27 11.5454
1 28 12.831
1 29 22.153
1 30 36.3464
1 31 10.4026
1 32 32.1586
1 33 49.1219
1 34 6.02255
1 35 35.7631
1 36 42.6071
1 37 44.1695
1 38 1.87784
1 39 18.0279
1 40 48.2865
1 41 28.596
1 42 12.5491
1 43 6.95076
1 44 39.812
1 45 32.8616
1 46 24.1285
1 47 24.9881
1 48 32.0418
1 49 36.7847
1 50 21.4021
1 51 44.1087
1 52 43.2699
1 53 20.9439
1 54 48.5641
1 55 14.6547
1 56 25.9452
1 57 6.7228
1 58 26.2001
1 59 38.7762
1 60 28.8759
1 61 12.5465
1 62 49.1788
2 3 11.6684
63 63 16
1 2 12.7755
1 3 45.6199
1 4 3.60451
1 5 43.4852
1 6 38.1469
1 7 16.1148
1 8 25.4208
1 9 4.11705
1 10 26.7182
1 11 44.5212
1 12 8.66424
1 13 11.216
1 14 20.3125
1 15 17.1777
1 16 35.1761
1 17 49.1802
1 18 12.6563
1 19 46.414
1 20 12.067
1 21 6.48513
1 22 49.5419
1 23 4.45537
1 24 21.3848
1 25 5.00128
1 26 8.15869
1 27 11.5454
1 28 12.831
1 29 22.153
1 30 36.3464
1 31 10.4026
1 32 32.1586
1 33 49.1219
1 34 6.02255
1 35 35.7631
1 36 42.6071
1 37 44.1695
1 38 1.87784
1 39 18.0279
1 40 48.2865
1 41 28.596
1 42 12.5491
1 43 6.95076
1 44 39.812
1 45 32.8616
1 46 24.1285
1 47 24.9881
1 48 32.0418
1 49 36.7847
1 50 21.4021
1 51 44.1087
1 52 43.2699
1 53 20.9439
1 54 48.5641
1 55 14.6547
1 56 25.9452
1 57 6.7228
1 58 26.2001
1 59 38.7762
1 60 28.8759
1 61 12.5465
1 62 49.1788
1 63 11.0344
2 3 5.20134
64 64 44
1 2 12.7755
1 3 45.6199
1 4 3.60451
1 5 43.4852
1 6 38.1469
1 7 16.1148
1 8 25.4208
1 9 4.11705
1 10 26.7182
1 11 44.5212
1 12 8.66424
1 13 11.216
1 14 20.3125
1 15 17.1777
1 16 35.1761
1 17 49.1802
1 18 12.6563
1 19 46.414
1 20 12.067
1 21 6.48513
1 22 49.5419
1 23 4.45537
1 24 21.3848
1 25 5.00128
1 26 8.15869
1 27 11.5454
1 28 12.831
1 29 22.153
1 30 36.3464
1 31 10.4026
1 32 32.1586
1 33 49.1219
1 34 6.02255
1 35 35.7631
1 36 42.6071
1 37 44.1695
1 38 1.87784
1 39 18.0279
1 40 48.2865
1 41 28.596
1 42 12.5491
1 43 6.95076
1 44 39.812
1 45 32.8616
1 46 24.1285
1 47 24.9881
1 48 32.0418
1 49 36.7847
1 50 21.4021
1 51 44.1087
1 52 43.2699
1 53 20.9439
1 54 48.5641
1 55 14.6547
1 56 25.9452
1 57 6.7228
1 58 26.2001
1 59 38.7762
1 60 28.8759
1 61 12.5465
1 62 49.1788
1 63 11.0344
1 64 11.6684
2 3 46.7975
65 65 41
1 2 12.7755
1 3 45.6199
1 4 3.60451
1 5 43.4852
1 6 38.1469
1 7 16.1148
1 8 25.4208
1 9 4.11705
1 10 26.7182
1 11 44.5212
1 12 8.66424
1 13 11.216
1 14 20.3125
1 15 17.1777
1 16 35.1761
1 17 49.1802
1 18 12.6563
1 19 46.414
1 20 12.067
1 21 6.48513
1 22 49.5419
1 23 4.45537
1 24 21.3848
1 25 5.00128
1 26 8.15869
1 27 11.5454
1 28 12.831
1 29 22.153
1 30 36.3464
1 31 10.4026
1 32 32.1586
1 33 49.1219
1 34 6.02255
1 35 35.7631
1 36 42.6071
1 37 44.1695
1 38 1.87784
1 39 18.0279
1 40 48.2865
1 41 28.596
1 42 12.5491
1 43 6.95076
1 44 39.812
1 45 32.8616
1 46 24.1285
1 47 24.9881
1 48 32.0418
1 49 36.7847
1 50 21.4021
1 51 44.1087
1 52 43.2699
1 53 20.9439
1 54 48.5641
1 55 14.6547
1 56 25.9452
1 57 6.7228
1 58 26.2001
1 59 38.7762
1 60 28.8759
1 61 12.5465
1 62 49.1788
1 63 11.0344
1 64 11.6684
1 65 5.20134
2 3 4.27547
66 66 58
1 2 12.7755
1 3 45.6199
1 4 3.60451
1 5 43.4852
1 6 38.1469
1 7 16.1148
1 8 25.4208
1 9 4.11705
1 10 26.7182
1 11 44.5212
1 12 8.66424
1 13 11.216
1 14 20.3125
1 15 17.1777
1 16 35.1761
1 17 49.1802
1 18 12.6563
1 19 46.414
1 20 12.067
1 21 6.48513
1 22 49.5419
1 23 4.45537
1 24 21.3848
1 25 5.00128
1 26 8.15869
1 27 11.5454
1 28 12.831
1 29 22.153
1 30 36.3464
1 31 10.4026
1 32 32.1586
1 33 49.1219
1 34 6.02255
1 35 35.7631
1 36 42.6071
1 37 44.1695
1 38 1.87784
1 39 18.0279
1 40 48.2865
1 41 28.596
1 42 12.5491
1 43 6.95076
1 44 39.812
1 45 32.8616
1 46 24.1285
1 47 24.9881
1 48 32.0418
1 49 36.7847
1 50 21.4021
1 51 44.1087
1 52 43.2699
1 53 20.9439
1 54 48.5641
1 55 14.6547
1 56 25.9452
1 57 6.7228
1 58 26.2001
1 59 38.7762
1 60 28.8759
1 61 12.5465
1 62 49.1788
1 63 11.0344
1 64 11.6684
1 65 5.20134
1 66 46.7975
2 3 49.3708
67 67 26
1 2 12.7755
1 3 45.6199
1 4 3.60451
1 5 43.4852
1 6 38.1469
1 7 16.1148
1 8 25.4208
1 9 4.11705
1 10 26.7182
1 11 44.5212
1 12 8.66424
1 13 11.216
1 14 20.3125
1 15 17.1777
1 16 35.1761
1 17 49.1802
1 18 12.6563
1 19 46.414
1 20 12.067
1 21 6.48513
1 22 49.5419
1 23 4.45537
1 24 21.3848
1 25 5.00128
1 26 8.15869
1 27 11.5454
1 28 12.831
1 29 22.153
1 30 36.3464
1 31 10.4026
1 32 32.1586
1 33 49.1219
1 34 6.02255
1 35 35.7631
1 36 42.6071
1 37 44.1695
1 38 1.87784
1 39 18.0279
1 40 48.2865
1 41 28.596
1 42 12.5491
1 43 6.95076
1 44 39.812
1 45 32.8616
1 46 24.1285
1 47 24.9881
1 48 32.0418
1 49 36.7847
1 50 21.4021
1 51 44.1087
1 52 43.2699
1 53 20.9439
1 54 48.5641
1 55 14.6547
1 56 25.9452
1 57 6.7228
1 58 26.2001
1 59 38.7762
1 60 28.8759
1 61 12.5465
1 62 49.1788
1 63 11.0344
1 64 11.6684
1 65 5.20134
1 66 46.7975
1 67 4.27547
2 3 48.6754
68 68 59
1 2 12.7755
1 3 45.6199
1 4 3.60451
1 5 43.4852
1 6 38.1469
1 7 16.1148
1 8 25.4208
1 9 4.11705
1 10 26.7182
1 11 44.5212
1 12 8.66424
1 13 11.216
1 14 20.3125
1 15 17.1777
1 16 35.1761
1 17 49.1802
1 18 12.6563
1 19 46.414
1 20 12.067
1 21 6.48513
1 22 49.5419
1 23 4.45537
1 24 21.3848
1 25 5.00128
1 26 8.15869
1 27 11.5454
1 28 12.831
1 29 22.153
1 30 36.3464
1 31 10.4026
1 32 32.1586
1 33 49.1219
1 34 6.02255
1 35 35.7631
1 36 42.6071
1 37 44.1695
1 38 1.87784
1 39 18.0279
1 40 48.2865
1 41 28.596
1 42 12.5491
1 43 6.95076
1 44 39.812
1 45 32.8616
1 46 24.1285
1 47 24.9881
1 48 32.0418
1 49 36.7847
1 50 21.4021
1 51 44.1087
1 52 43.2699
1 53 20.9439
1 54 48.5641
1 55 14.6547
1 56 25.9452
1 57 6.7228
1 58 26.2001
1 59 38.7762
1 60 28.8759
1 61 12.5465
1 62 49.1788
1 63 11.0344
1 64 11.6684
1 65 5.20134
1 66 46.7975
1 67 4.27547
1 68 49.3708
2 3 22.3033
69 69 39
1 2 12.7755
1 3 45.6199
1 4 3.60451
1 5 43.4852
1 6 38.1469
1 7 16.1148
1 8 25.4208
1 9 4.11705
1 10 26.7182
1 11 44.5212
1 12 8.66424
1 13 11.216
1 14 20.3125
1 15 17.1777
1 16 35.1761
1 17 49.1802
1 18 12.6563
1 19 46.414
1 20 12.067
1 21 6.48513
1 22 49.5419
1 23 4.45537
1 24 21.3848
1 25 5.00128
1 26 8.15869
1 27 11.5454
1 28 12.831
1 29 22.153
1 30 36.3464
1 31 10.4026
1 32 32.1586
1 33 49.1219
1 34 6.02255
1 35 35.7631
1 36 42.6071
1 37 44.1695
1 38 1.87784
1 39 18.0279
1 40 48.2865
1 41 28.596
1 42 12.5491
1 43 6.95076
1 44 39.812
1 45 32.8616
1 46 24.1285
1 47 24.9881
1 48 32.0418
1 49 36.7847
1 50 21.4021
1 51 44.1087
1 52 43.2699
1 53 20.9439
1 54 48.5641
1 55 14.6547
1 56 25.9452
1 57 6.7228
1 58 26.2001
1 59 38.7762
1 60 28.8759
1 61 12.5465
1 62 49.1788
1 63 11.0344
1 64 11.6684
1 65 5.20134
1 66 46.7975
1 67 4.27547
1 68 49.3708
1 69 48.6754
2 3 47.6573
70 70 22
1 2 12.7755
1 3 45.6199
1 4 3.60451
1 5 43.4852
1 6 38.1469
1 7 16.1148
1 8 25.4208
1 9 4.11705
1 10 26.7182
1 11 44.5212
1 12 8.66424
1 13 11.216
1 14 20.3125
1 15 17.1777
1 16 35.1761
1 17 49.1802
1 18 12.6563
1 19 46.414
1 20 12.067
1 21 6.48513
1 22 49.5419
1 23 4.45537
1 24 21.3848
1 25 5.00128
1 26 8.15869
1 27 11.5454
1 28 12.831
1 29 22.153
1 30 36.3464
1 31 10.4026
1 32 32.1586
1 33 49.1219
1 34 6.02255
1 35 35.7631
1 36 42.6071
1 37 44.1695
1 38 1.87784
1 39 18.0279
1 40 48.2865
1 41 28.596
1 42 12.5491
1 43 6.95076
1 44 39.812
1 45 32.8616
1 46 24.1285
1 47 24.9881
1 48 32.0418
1 49 36.7847
1 50 21.4021
1 51 44.1087
1 52 43.2699
1 53 20.9439
1 54 48.5641
1 55 14.6547
1 56 25.9452
1 57 6.7228
1 58 26.2001
1 59 38.7762
1 60 28.8759
1 61 12.5465
1 62 49.1788
1 63 11.0344
1 64 11.6684
1 65 5.20134
1 66 46.7975
1 67 4.27547
1 68 49.3708
1 69 48.6754
1 70 22.3033
2 3 27.2714
71 71 65
1 2 12.7755
1 3 45.6199
1 4 3.60451
1 5 43.4852
1 6 38.1469
1 7 16.1148
1 8 25.4208
1 9 4.11705
1 10 26.7182
1 11 44.5212
1 12 8.66424
1 13 11.216
1 14 20.3125
1 15 17.1777
1 16 35.1761
1 17 49.1802
1 18 12.6563
1 19 46.414
1 20 12.067
1 21 6.48513
1 22 49.5419
1 23 4.45537
1 24 21.3848
1 25 5.00128
1 26 8.15869
1 27 11.5454
1 28 12.831
1 29 22.153
1 30 36.3464
1 31 10.4026
1 32 32.1586
1 33 49.1219
1 34 6.02255
1 35 35.7631
1 36 42.6071
1 37 44.1695
1 38 1.87784
1 39 18.0279
1 40 48.2865
1 41 28.596
1 42 12.5491
1 43 6.95076
1 44 39.812
1 45 32.8616
1 46 24.1285
1 47 24.9881
1 48 32.0418
1 49 36.7847
1 50 21.4021
1 51 44.1087
1 52 43.2699
1 53 20.9439
1 54 48.5641
1 55 14.6547
1 56 25.9452
1 57 6.7228
1 58 26.2001
1 59 38.7762
1 60 28.8759
1 61 12.5465
1 62 49.1788
1 63 11.0344
1 64 11.6684
1 65 5.20134
1 66 46.7975
1 67 4.27547
1 68 49.3708
1 69 48.6754
1 70 22.3033
1 71 47.6573
2 3 34.8525
72 72 68
1 2 12.7755
1 3 45.6199
1 4 3.60451
1 5 43.4852
1 6 38.1469
1 7 16.1148
1 8 25.4208
1 9 4.11705
1 10 26.7182
1 11 44.5212
1 12 8.66424
1 13 11.216
1 14 20.3125
1 15 17.1777
1 16 35.1761
1 17 49.1802
1 18 12.6563
1 19 46.414
1 20 12.067
1 21 6.48513
1 22 49.5419
1 23 4.45537
1 24 21.3848
1 25 5.00128
1 26 8.15869
1 27 11.5454
1 28 12.831
1 29 22.153
1 30 36.3464
1 31 10.4026
1 32 32.1586
1 33 49.1219
1 34 6.02255
1 35 35.7631
1 36 42.6071
1 37 44.1695
1 38 1.87784
1 39 18.0279
1 40 48.2865
1 41 28.596
1 42 12.5491
1 43 6.95076
1 44 39.812
1 45 32.8616
1 46 24.1285
1 47 24.9881
1 48 32.0418
1 49 36.7847
1 50 21.4021
1 51 44.1087
1 52 43.2699
1 53 20.9439
1 54 48.5641
1 55 14.6547
1 56 25.9452
1 57 6.7228
1 58 26.2001
1 59 38.7762
1 60 28.8759
1 61 12.5465
1 62 49.1788
1 63 11.0344
1 64 11.6684
1 65 5.20134
1 66 46.7975
1 67 4.27547
1 68 49.3708
1 69 48.6754
1 70 22.3033
1 71 47.6573
1 72 27.2714
2 3 4.60809
73 73 7
1 2 12.7755
1 3 45.6199
1 4 3.60451
1 5 43.4852
1 6 38.1469
1 7 16.1148
1 8 25.4208
1 9 4.11705
1 10 26.7182
1 11 44.5212
1 12 8.66424
1 13 11.216
1 14 20.3125
1 15 17.1777
1 16 35.1761
1 17 49.1802
1 18 12.6563
1 19 46.414
1 20 12.067
1 21 6.48513
1 22 49.5419
1 23 4.45537
1 24 21.3848
1 25 5.00128
1 26 8.15869
1 27 11.5454
1 28 12.831
1 29 22.153
1 30 36.3464
1 31 10.4026
1 32 32.1586
1 33 49.1219
1 34 6.02255
1 35 35.7631
1 36 42.6071
1 37 44.1695
1 38 1.87784
1 39 18.0279
1 40 48.2865
1 41 28.596
1 42 12.5491
1 43 6.95076
1 44 39.812
1 45 32.8616
1 46 24.1285
1 47 24.9881
1 48 32.0418
1 49 36.7847
1 50 21.4021
1 51 44.1087
1 52 43.2699
1 53 20.9439
1 54 48.5641
1 55 14.6547
1 56 25.9452
1 57 6.7228
1 58 26.2001
1 59 38.7762
1 60 28.8759
1 61 12.5465
1 62 49.1788
1 63 11.0344
1 64 11.6684
1 65 5.20134
1 66 46.7975
1 67 4.27547
1 68 49.3708
1 69 48.6754
1 70 22.3033
1 71 47.6573
1 72 27.2714
1 73 34.8525
2 3 17.0834
74 74 21
1 2 12.7755
1 3 45.6199
1 4 3.60451
1 5 43.4852
1 6 38.1469
1 7 16.1148
1 8 25.4208
1 9 4.11705
1 10 26.7182
1 11 44.5212
1 12 8.66424
1 13 11.216
1 14 20.3125
1 15 17.1777
1 16 35.1761
1 17 49.1802
1 18 12.6563
1 19 46.414
1 20 12.067
1 21 6.48513
1 22 49.5419
1 23 4.45537
1 24 21.3848
1 25 5.00128
1 26 8.15869
1 27 11.5454
1 28 12.831
1 29 22.153
1 30 36.3464
1 31 10.4026
1 32 32.1586
1 33 49.1219
1 34 6.02255
1 35 35.7631
1 36 42.6071
1 37 44.1695
1 38 1.87784
1 39 18.0279
1 40 48.2865
1 41 28.596
1 42 12.5491
1 43 6.95076
1 44 39.812
1 45 32.8616
1 46 24.1285
1 47 24.9881
1 48 32.0418
1 49 36.7847
1 50 21.4021
1 51 44.1087
1 52 43.2699
1 53 20.9439
1 54 48.5641
1 55 14.6547
1 56 25.9452
1 57 6.7228
1 58 26.2001
1 59 38.7762
1 60 28.8759
1 61 12.5465
1 62 49.1788
1 63 11.0344
1 64 11.6684
1 65 5.20134
1 66 46.7975
1 67 4.27547
1 68 49.3708
1 69 48.6754
1 70 22.3033
1 71 47.6573
1 72 27.2714
1 73 34.8525
1 74 4.60809
2 3 17.7141
75 75 42
1 2 12.7755
1 3 45.6199
1 4 3.60451
1 5 43.4852
1 6 38.1469
1 7 16.1148
1 8 25.4208
1 9 4.11705
1 10 26.7182
1 11 44.5212
1 12 8.66424
1 13 11.216
1 14 20.3125
1 15 17.1777
1 16 35.1761
1 17 49.1802
1 18 12.6563
1 19 46.414
1 20 12.067
1 21 6.48513
1 22 49.5419
1 23 4.45537
1 24 21.3848
1 25 5.00128
1 26 8.15869
1 27 11.5454
1 28 12.831
1 29 22.153
1 30 36.3464
1 31 10.4026
1 32 32.1586
1 33 49.1219
1 34 6.02255
1 35 35.7631
1 36 42.6071
1 37 44.1695
1 38 1.87784
1 39 18.0279
1 40 48.2865
1 41 28.596
1 42 12.5491
1 43 6.95076
1 44 39.812
1 45 32.8616
1 46 24.1285
1 47 24.9881
1 48 32.0418
1 49 36.7847
1 50 21.4021
1 51 44.1087
1 52 43.2699
1 53 20.9439
1 54 48.5641
1 55 14.6547
1 56 25.9452
1 57 6.7228
1 58 26.2001
1 59 38.7762
1 60 28.8759
1 61 12.5465
1 62 49.1788
1 63 11.0344
1 64 11.6684
1 65 5.20134
1 66 46.7975
1 67 4.27547
1 68 49.3708
1 69 48.6754
1 70 22.3033
1 71 47.6573
1 72 27.2714
1 73 34.8525
1 74 4.60809
1 75 17.0834
2 3 28.7365
76 76 37
1 2 12.7755
1 3 45.6199
1 4 3.60451
1 5 43.4852
1 6 38.1469
1 7 16.1148
1 8 25.4208
1 9 4.11705
1 10 26.7182
1 11 44.5212
1 12 8.66424
1 13 11.216
1 14 20.3125
1 15 17.1777
1 16 35.1761
1 17 49.1802
1 18 12.6563
1 19 46.414
1 20 12.067
1 21 6.48513
1 22 49.5419
1 23 4.45537
1 24 21.3848
1 25 5.00128
1 26 8.15869
1 27 11.5454
1 28 12.831
1 29 22.153
1 30 36.3464
1 31 10.4026
1 32 32.1586
1 33 49.1219
1 34 6.02255
1 35 35.7631
1 36 42.6071
1 37 44.1695
1 38 1.87784
1 39 18.0279
1 40 48.2865
1 41 28.596
1 42 12.5491
1 43 6.95076
1 44 39.812
1 45 32.8616
1 46 24.1285
1 47 24.9881
1 48 32.0418
1 49 36.7847
1 50 21.4021
1 51 44.1087
1 52 43.2699
1 53 20.9439
1 54 48.5641
1 55 14.6547
1 56 25.9452
1 57 6.7228
1 58 26.2001
1 59 38.7762
1 60 28.8759
1 61 12.5465
1 62 49.1788
1 63 11.0344
1 64 11.6684
1 65 5.20134
1 66 46.7975
1 67 4.27547
1 68 49.3708
1 69 48.6754
1 70 22.3033
1 71 47.6573
1 72 27.2714
1 73 34.8525
1 74 4.60809
1 75 17.0834
1 76 17.7141
2 3 42.0715
77 77 51
1 2 12.7755
1 3 45.6199
1 4 3.60451
1 5 43.4852
1 6 38.1469
1 7 16.1148
1 8 25.4208
1 9 4.11705
1 10 26.7182
1 11 44.5212
1 12 8.66424
1 13 11.216
1 14 20.3125
1 15 17.1777
1 16 35.1761
1 17 49.1802
1 18 12.6563
1 19 46.414
1 20 12.067
1 21 6.48513
1 22 49.5419
1 23 4.45537
1 24 21.3848
1 25 5.00128
1 26 8.15869
1 27 11.5454
1 28 12.831
1 29 22.153
1 30 36.3464
1 31 10.4026
1 32 32.1586
1 33 49.1219
1 34 6.02255
1 35 35.7631
1 36 42.6071
1 37 44.1695
1 38 1.87784
1 39 18.0279
1 40 48.2865
1 41 28.596
1 42 12.5491
1 43 6.95076
1 44 39.812
1 45 32.8616
1 46 24.1285
1 47 24.9881
1 48 32.0418
1 49 36.7847
1 50 21.4021
1 51 44.1087
1 52 43.2699
1 53 20.9439
1 54 48.5641
1 55 14.6547
1 56 25.9452
1 57 6.7228
1 58 26.2001
1 59 38.7762
1 60 28.8759
1 61 12.5465
1 62 49.1788
1 63 11.0344
1 64 11.6684
1 65 5.20134
1 66 46.7975
1 67 4.27547
1 68 49.3708
1 69 48.6754
1 70 22.3033
1 71 47.6573
1 72 27.2714
1 73 34.8525
1 74 4.60809
1 75 17.0834
1 76 17.7141
1 77 28.7365
2 3 49.7559
78 78 72
1 2 12.7755
1 3 45.6199
1 4 3.60451
1 5 43.4852
1 6 38.1469
1 7 16.1148
1 8 25.4208
1 9 4.11705
1 10 26.7182
1 11 44.5212
1 12 8.66424
1 13 11.216
1 14 20.3125
1 15 17.1777
1 16 35.1761
1 17 49.1802
1 18 12.6563
1 19 46.414
1 20 12.067
1 21 6.48513
1 22 49.5419
1 23 4.45537
1 24 21.3848
1 25 5.00128
1 26 8.15869
1 27 11.5454
1 28 12.831
1 29 22.153
1 30 36.3464
1 31 10.4026
1 32 32.1586
1 33 49.1219
1 34 6.02255
1 35 35.7631
1 36 42.6071
1 37 44.1695
1 38 1.87784
1 39 18.0279
1 40 48.2865
1 41 28.596
1 42 12.5491
1 43 6.95076
1 44 39.812
1 45 32.8616
1 46 24.1285
1 47 24.9881
1 48 32.0418
1 49 36.7847
1 50 21.4021
1 51 44.1087
1 52 43.2699
1 53 20.9439
1 54 48.5641
1 55 14.6547
1 56 25.9452
1 57 6.7228
1 58 26.2001
1 59 38.7762
1 60 28.8759
1 61 12.5465
1 62 49.1788
1 63 11.0344
1 64 11.6684
1 65 5.20134
1 66 46.7975
1 67 4.27547
1 68 49.3708
1 69 48.6754
1 70 22.3033
1 71 47.6573
1 72 27.2714
1 73 34.8525
1 74 4.60809
1 75 17.0834
1 76 17.7141
1 77 28.7365
1 78 42.0715
2 3 15.5213
79 79 26
1 2 12.7755
1 3 45.6199
1 4 3.60451
1 5 43.4852
1 6 38.1469
1 7 16.1148
1 8 25.4208
1 9 4.11705
1 10 26.7182
1 11 44.5212
1 12 8.66424
1 13 11.216
1 14 20.3125
1 15 17.1777
1 16 35.1761
1 17 49.1802
1 18 12.6563
1 19 46.414
1 20 12.067
1 21 6.48513
1 22 49.5419
1 23 4.45537
1 24 21.3848
1 25 5.00128
1 26 8.15869
1 27 11.5454
1 28 12.831
1 29 22.153
1 30 36.3464
1 31 10.4026
1 32 32.1586
1 33 49.1219
1 34 6.02255
1 35 35.7631
1 36 42.6071
1 37 44.1695
1 38 1.87784
1 39 18.0279
1 40 48.2865
1 41 28.596
1 42 12.5491
1 43 6.95076
1 44 39.812
1 45 32.8616
1 46 24.1285
1 47 24.9881
1 48 32.0418
1 49 36.7847
1 50 21.4021
1 51 44.1087
1 52 43.2699
1 53 20.9439
1 54 48.5641
1 55 14.6547
1 56 25.9452
1 57 6.7228
1 58 26.2001
1 59 38.7762
1 60 28.8759
1 61 12.5465
1 62 49.1788
1 63 11.0344
1 64 11.6684
1 65 5.20134
1 66 46.7975
1 67 4.27547
1 68 49.3708
1 69 48.6754
1 70 22.3033
1 71 47.6573
1 72 27.2714
1 73 34.8525
1 74 4.60809
1 75 17.0834
1 76 17.7141
1 77 28.7365
1 78 42.0715
1 79 49.7559
2 3 13.4736
80 80 17
1 2 12.7755
1 3 45.6199
1 4 3.60451
1 5 43.4852
1 6 38.1469
1 7 16.1148
1 8 25.4208
1 9 4.11705
1 10 26.7182
1 11 44.5212
1 12 8.66424
1 13 11.216
1 14 20.3125
1 15 17.1777
1 16 35.1761
1 17 49.1802
1 18 12.6563
1 19 46.414
1 20 12.067
1 21 6.48513
1 22 49.5419
1 23 4.45537
1 24 21.3848
1 25 5.00128
1 26 8.15869
1 27 11.5454
1 28 12.831
1 29 22.153
1 30 36.3464
1 31 10.4026
1 32 32.1586
1 33 49.1219
1 34 6.02255
1 35 35.7631
1 36 42.6071
1 37 44.1695
1 38 1.87784
1 39 18.0279
1 40 48.2865
1 41 28.596
1 42 12.5491
1 43 6.95076
1 44 39.812
1 45 32.8616
1 46 24.1285
1 47 24.9881
1 48 32.0418
1 49 36.7847
1 50 21.4021
1 51 44.1087
1 52 43.2699
1 53 20.9439
1 54 48.5641
1 55 14.6547
1 56 25.9452
1 57 6.7228
1 58 26.2001
1 59 38.7762
1 60 28.8759
1 61 12.5465
1 62 49.1788
1 63 11.0344
1 64 11.6684
1 65 5.20134
1 66 46.7975
1 67 4.27547
1 68 49.3708
1 69 48.6754
1 70 22.3033
1 71 47.6573
1 72 27.2714
1 73 34.8525
1 74 4.60809
1 75 17.0834
1 76 17.7141
1 77 28.7365
1 78 42.0715
1 79 49.7559
1 80 15.5213
2 3 43.8646
81 81 29
1 2 12.7755
1 3 45.6199
1 4 3.60451
1 5 43.4852
1 6 38.1469
1 7 16.1148
1 8 25.4208
1 9 4.11705
1 10 26.7182
1 11 44.5212
1 12 8.66424
1 13 11.216
1 14 20.3125
1 15 17.1777
1 16 35.1761
1 17 49.1802
1 18 12.6563
1 19 46.414
1 20 12.067
1 21 6.48513
1 22 49.5419
1 23 4.45537
1 24 21.3848
1 25 5.00128
1 26 8.15869
1 27 11.5454
1 28 12.831
1 29 22.153
1 30 36.3464
1 31 10.4026
1 32 32.1586
1 33 49.1219
1 34 6.02255
1 35 35.7631
1 36 42.6071
1 37 44.1695
1 38 1.87784
1 39 18.0279
1 40 48.2865
1 41 28.596
1 42 12.5491
1 43 6.95076
1 44 39.812
1 45 32.8616
1 46 24.1285
1 47 24.9881
1 48 32.0418
1 49 36.7847
1 50 21.4021
1 51 44.1087
1 52 43.2699
1 53 20.9439
1 54 48.5641
1 55 14.6547
1 56 25.9452
1 57 6.7228
1 58 26.2001
1 59 38.7762
1 60 28.8759
1 61 12.5465
1 62 49.1788
1 63 11.0344
1 64 11.6684
1 65 5.20134
1 66 46.7975
1 67 4.27547
1 68 49.3708
1 69 48.6754
1 70 22.3033
1 71 47.6573
1 72 27.2714
1 73 34.8525
1 74 4.60809
1 75 17.0834
1 76 17.7141
1 77 28.7365
1 78 42.0715
1 79 49.7559
1 80 15.5213
1 81 13.4736
2 3 8.79117
82 82 34
1 2 12.7755
1 3 45.6199
1 4 3.60451
1 5 43.4852
1 6 38.1469
1 7 16.1148
1 8 25.4208
1 9 4.11705
1 10 26.7182
1 11 44.5212
1 12 8.66424
1 13 11.216
1 14 20.3125
1 15 17.1777
1 16 35.1761
1 17 49.1802
1 18 12.6563
1 19 46.414
1 20 12.067
1 21 6.48513
1 22 49.5419
1 23 4.45537
1 24 21.3848
1 25 5.00128
1 26 8.15869
1 27 11.5454
1 28 12.831
1 29 22.153
1 30 36.3464
1 31 10.4026
1 32 32.1586
1 33 49.1219
1 34 6.02255
1 35 35.7631
1 36 42.6071
1 37 44.1695
1 38 1.87784
1 39 18.0279
1 40 48.2865
1 41 28.596
1 42 12.5491
1 43 6.95076
1 44 39.812
1 45 32.8616
1 46 24.1285
1 47 24.9881
1 48 32.0418
1 49 36.7847
1 50 21.4021
1 51 44.1087
1 52 43.2699
1 53 20.9439
1 54 48.5641
1 55 14.6547
1 56 25.9452
1 57 6.7228
1 58 26.2001
1 59 38.7762
1 60 28.8759
1 61 12.5465
1 62 49.1788
1 63 11.0344
1 64 11.6684
1 65 5.20134
1 66 46.7975
1 67 4.27547
1 68 49.3708
1 69 48.6754
1 70 22.3033
1 71 47.6573
1 72 27.2714
1 73 34.8525
1 74 4.60809
1 75 17.0834
1 76 17.7141
1 77 28.7365
1 78 42.0715
1 79 49.7559
1 80 15.5213
1 81 13.4736
1 82 43.8646
2 3 34.4175
83 83 82
1 2 12.7755
1 3 45.6199
1 4 3.60451
1 5 43.4852
1 6 38.1469
1 7 16.1148
1 8 25.4208
1 9 4.11705
1 10 26.7182
1 11 44.5212
1 12 8.66424
1 13 11.216
1 14 20.3125
1 15 17.1777
1 16 35.1761
1 17 49.1802
1 18 12.6563
1 19 46.414
1 20 12.067
1 21 6.48513
1 22 49.5419
1 23 4.45537
1 24 21.3848
1 25 5.00128
1 26 8.15869
1 27 11.5454
1 28 12.831
1 29 22.153
1 30 36.3464
1 31 10.4026
1 32 32.1586
1 33 49.1219
1 34 6.02255
1 35 35.7631
1 36 42.6071
1 37 44.1695
1 38 1.87784
1 39 18.0279
1 40 48.2865
1 41 28.596
1 42 12.5491
1 43 6.95076
1 44 39.812
1 45 32.8616
1 46 24.1285
1 47 24.9881
1 48 32.0418
1 49 36.7847
1 50 21.4021
1 51 44.1087
1 52 43.2699
1 53 20.9439
1 54 48.5641
1 55 14.6547
1 56 25.9452
1 57 6.7228
1 58 26.2001
1 59 38.7762
1 60 28.8759
1 61 12.5465
1 62 49.1788
1 63 11.0344
1 64 11.6684
1 65 5.20134
1 66 46.7975
1 67 4.27547
1 68 49.3708
1 69 48.6754
1 70 22.3033
1 71 47.6573
1 72 27.2714
1 73 34.8525
1 74 4.60809
1 75 17.0834
1 76 17.7141
1 77 28.7365
1 78 42.0715
1 79 49.7559
1 80 15.5213
1 81 13.4736
1 82 43.8646
1 83 8.79117
2 3 42.4288
84 84 78
1 2 12.7755
1 3 45.6199
1 4 3.60451
1 5 43.4852
1 6 38.1469
1 7 16.1148
1 8 25.4208
1 9 4.11705
1 10 26.7182
1 11 44.5212
1 12 8.66424
1 13 11.216
1 14 20.3125
1 15 17.1777
1 16 35.1761
1 17 49.1802
1 18 12.6563
1 19 46.414
1 20 12.067
1 21 6.48513
1 22 49.5419
1 23 4.45537
1 24 21.3848
1 25 5.00128
1 26 8.15869
1 27 11.5454
1 28 12.831
1 29 22.153
1 30 36.3464
1 31 10.4026
1 32 32.1586
1 33 49.1219
1 34 6.02255
1 35 35.7631
1 36 42.6071
1 37 44.1695
1 38 1.87784
1 39 18.0279
1 40 48.2865
1 41 28.596
1 42 12.5491
1 43 6.95076
1 44 39.812
1 45 32.8616
1 46 24.1285
1 47 24.9881
1 48 32.0418
1 49 36.7847
1 50 21.4021
1 51 44.1087
1 52 43.2699
1 53 20.9439
1 54 48.5641
1 55 14.6547
1 56 25.9452
1 57 6.7228
1 58 26.2001
1 59 38.7762
1 60 28.8759
1 61 12.5465
1 62 49.1788
1 63 11.0344
1 64 11.6684
1 65 5.20134
1 66 46.7975
1 67 4.27547
1 68 49.3708
1 69 48.6754
1 70 22.3033
1 71 47.6573
1 72 27.2714
1 73 34.8525
1 74 4.60809
1 75 17.0834
1 76 17.7141
1 77 28.7365
1 78 42.0715
1 79 49.7559
1 80 15.5213
1 81 13.4736
1 82 43.8646
1 83 8.79117
1 84 34.4175
2 3 23.4458
85 85 43
1 2 12.7755
1 3 45.6199
1 4 3.60451
1 5 43.4852
1 6 38.1469
1 7 16.1148
1 8 25.4208
1 9 4.11705
1 10 26.7182
1 11 44.5212
1 12 8.66424
1 13 11.216
1 14 20.3125
1 15 17.1777
1 16 35.1761
1 17 49.1802
1 18 12.6563
1 19 46.414
1 20 12.067
1 21 6.48513
1 22 49.5419
1 23 4.45537
1 24 21.3848
1 25 5.00128
1 26 8.15869
1 27 11.5454
1 28 12.831
1 29 22.153
1 30 36.3464
1 31 10.4026
1 32 32.1586
1 33 49.1219
1 34 6.02255
1 35 35.7631
1 36 42.6071
1 37 44.1695
1 38 1.87784
1 39 18.0279
1 40 48.2865
1 41 28.596
1 42 12.5491
1 43 6.95076
1 44 39.812
1 45 32.8616
1 46 24.1285
1 47 24.9881
1 48 32.0418
1 49 36.7847
1 50 21.4021
1 51 44.1087
1 52 43.2699
1 53 20.9439
1 54 48.5641
1 55 14.6547
1 56 25.9452
1 57 6.7228
1 58 26.2001
1 59 38.7762
1 60 28.8759
1 61 12.5465
1 62 49.1788
1 63 11.0344
1 64 11.6684
1 65 5.20134
1 66 46.7975
1 67 4.27547
1 68 49.3708
1 69 48.6754
1 70 22.3033
1 71 47.6573
1 72 27.2714
1 73 34.8525
1 74 4.60809
1 75 17.0834
1 76 17.7141
1 77 28.7365
1 78 42.0715
1 79 49.7559
1 80 15.5213
1 81 13.4736
1 82 43.8646
1 83 8.79117
1 84 34.4175
1 85 42.4288
2 3 10.3627
86 86 62
1 2 12.7755
1 3 45.6199
1 4 3.60451
1 5 43.4852
1 6 38.1469
1 7 16.1148
1 8 25.4208
1 9 4.11705
1 10 26.7182
1 11 44.5212
1 12 8.66424
1 13 11.216
1 14 20.3125
1 15 17.1777
1 16 35.1761
1 17 49.1802
1 18 12.6563
1 19 46.414
1 20 12.067
1 21 6.48513
1 22 49.5419
1 23 4.45537
1 24 21.3848
1 25 5.00128
1 26 8.15869
1 27 11.5454
1 28 12.831
1 29 22.153
1 30 36.3464
1 31 10.4026
1 32 32.1586
1 33 49.1219
1 34 6.02255
1 35 35.7631
1 36 42.6071
1 37 44.1695
1 38 1.87784
1 39 18.0279
1 40 48.2865
1 41 28.596
1 42 12.5491
1 43 6.95076
1 44 39.812
1 45 32.8616
1 46 24.1285
1 47 24.9881
1 48 32.0418
1 49 36.7847
1 50 21.4021
1 51 44.1087
1 52 43.2699
1 53 20.9439
1 54 48.5641
1 55 14.6547
1 56 25.9452
1 57 6.7228
1 58 26.2001
1 59 38.7762
1 60 28.8759
1 61 12.5465
1 62 49.1788
1 63 11.0344
1 64 11.6684
1 65 5.20134
1 66 46.7975
1 67 4.27547
1 68 49.3708
1 69 48.6754
1 70 22.3033
1 71 47.6573
1 72 27.2714
1 73 34.8525
1 74 4.60809
1 75 17.0834
1 76 17.7141
1 77 28.7365
1 78 42.0715
1 79 49.7559
1 80 15.5213
1 81 13.4736
1 82 43.8646
1 83 8.79117
1 84 34.4175
1 85 42.4288
1 86 23.4458
2 3 49.1516
87 87 72
1 2 12.7755
1 3 45.6199
1 4 3.60451
1 5 43.4852
1 6 38.1469
1 7 16.1148
1 8 25.4208
1 9 4.11705
1 10 26.7182
1 11 44.5212
1 12 8.66424
1 13 11.216
1 14 20.3125
1 15 17.1777
1 16 35.1761
1 17 49.1802
1 18 12.6563
1 19 46.414
1 20 12.067
1 21 6.48513
1 22 49.5419
1 23 4.45537
1 24 21.3848
1 25 5.00128
1 26 8.15869
1 27 11.5454
1 28 12.831
1 29 22.153
1 30 36.3464
1 31 10.4026
1 32 32.1586
1 33 49.1219
1 34 6.02255
1 35 35.7631
1 36 42.6071
1 37 44.1695
1 38 1.87784
1 39 18.0279
1 40 48.2865
1 41 28.596
1 42 12.5491
1 43 6.95076
1 44 39.812
1 45 32.8616
1 46 24.1285
1 47 24.9881
1 48 32.0418
1 49 36.7847
1 50 21.4021
1 51 44.1087
1 52 43.2699
1 53 20.9439
1 54 48.5641
1 55 14.6547
1 56 25.9452
1 57 6.7228
1 58 26.2001
1 59 38.7762
1 60 28.8759
1 61 12.5465
1 62 49.1788
1 63 11.0344
1 64 11.6684
1 65 5.20134
1 66 46.7975
1 67 4.27547
1 68 49.3708
1 69 48.6754
1 70 22.3033
1 71 47.6573
1 72 27.2714
1 73 34.8525
1 74 4.60809
1 75 17.0834
1 76 17.7141
1 77 28.7365
1 78 42.0715
1 79 49.7559
1 80 15.5213
1 81 13.4736
1 82 43.8646
1 83 8.79117
1 84 34.4175
1 85 42.4288
1 86 23.4458
1 87 10.3627
2 3 49.6459
88 88 41
1 2 12.7755
1 3 45.6199
1 4 3.60451
1 5 43.4852
1 6 38.1469
1 7 16.1148
1 8 25.4208
1 9 4.11705
1 10 26.7182
1 11 44.5212
1 12 8.66424
1 13 11.216
1 14 20.3125
1 15 17.1777
1 16 35.1761
1 17 49.1802
1 18 12.6563
1 19 46.414
1 20 12.067
1 21 6.48513
1 22 49.5419
1 23 4.45537
1 24 21.3848
1 25 5.00128
1 26 8.15869
1 27 11.5454
1 28 12.831
1 29 22.153
1 30 36.3464
1 31 10.4026
1 32 32.1586
1 33 49.1219
1 34 6.02255
1 35 35.7631
1 36 42.6071
1 37 44.1695
1 38 1.87784
1 39 18.0279
1 40 48.2865
1 41 28.596
1 42 12.5491
1 43 6.95076
1 44 39.812
1 45 32.8616
1 46 24.1285
1 47 24.9881
1 48 32.0418
1 49 36.7847
1 50 21.4021
1 51 44.1087
1 52 43.2699
1 53 20.9439
1 54 48.5641
1 55 14.6547
1 56 25.9452
1 57 6.7228
1 58 26.2001
1 59 38.7762
1 60 28.8759
1 61 12.5465
1 62 49.1788
1 63 11.0344
1 64 11.6684
1 65 5.20134
1 66 46.7975
1 67 4.27547
1 68 49.3708
1 69 48.6754
1 70 22.3033
1 71 47.6573
1 72 27.2714
1 73 34.8525
1 74 4.60809
1 75 17.0834
1 76 17.7141
1 77 28.7365
1 78 42.0715
1 79 49.7559
1 80 15.5213
1 81 13.4736
1 82 43.8646
1 83 8.79117
1 84 34.4175
1 85 42.4288
1 86 23.4458
1 87 10.3627
1 88 49.1516
2 3 49.1389
89 89 38
1 2 12.7755
1 3 45.6199
1 4 3.60451
1 5 43.4852
1 6 38.1469
1 7 16.1148
1 8 25.4208
1 9 4.11705
1 10 26.7182
1 11 44.5212
1 12 8.66424
1 13 11.216
1 14 20.3125
1 15 17.1777
1 16 35.1761
1 17 49.1802
1 18 12.6563
1 19 46.414
1 20 12.067
1 21 6.48513
1 22 49.5419
1 23 4.45537
1 24 21.3848
1 25 5.00128
1 26 8.15869
1 27 11.5454
1 28 12.831
1 29 22.153
1 30 36.3464
1 31 10.4026
1 32 32.1586
1 33 49.1219
1 34 6.02255
1 35 35.7631
1 36 42.6071
1 37 44.1695
1 38 1.87784
1 39 18.0279
1 40 48.2865
1 41 28.596
1 42 12.5491
1 43 6.95076
1 44 39.812
1 45 32.8616
1 46 24.1285
1 47 24.9881
1 48 32.0418
1 49 36.7847
1 50 21.4021
1 51 44.1087
1 52 43.2699
1 53 20.9439
1 54 48.5641
1 55 14.6547
1 56 25.9452
1 57 6.7228
1 58 26.2001
1 59 38.7762
1 60 28.8759
1 61 12.5465
1 62 49.1788
1 63 11.0344
1 64 11.6684
1 65 5.20134
1 66 46.7975
1 67 4.27547
1 68 49.3708
1 69 48.6754
1 70 22.3033
1 71 47.6573
1 72 27.2714
1 73 34.8525
1 74 4.60809
1 75 17.0834
1 76 17.7141
1 77 28.7365
1 78 42.0715
1 79 49.7559
1 80 15.5213
1 81 13.4736
1 82 43.8646
1 83 8.79117
1 84 34.4175
1 85 42.4288
1 86 23.4458
1 87 10.3627
1 88 49.1516
1 89 49.6459
2 3 28.0274
90 90 40
1 2 12.7755
1 3 45.6199
1 4 3.60451
1 5 43.4852
1 6 38.1469
1 7 16.1148
1 8 25.4208
1 9 4.11705
1 10 26.7182
1 11 44.5212
1 12 8.66424
1 13 11.216
1 14 20.3125
1 15 17.1777
1 16 35.1761
1 17 49.1802
1 18 12.6563
1 19 46.414
1 20 12.067
1 21 6.48513
1 22 49.5419
1 23 4.45537
1 24 21.3848
1 25 5.00128
1 26 8.15869
1 27 11.5454
1 28 12.831
1 29 22.153
1 30 36.3464
1 31 10.4026
1 32 32.1586
1 33 49.1219
1 34 6.02255
1 35 35.7631
1 36 42.6071
1 37 44.1695
1 38 1.87784
1 39 18.0279
1 40 48.2865
1 41 28.596
1 42 12.5491
1 43 6.95076
1 44 39.812
1 45 32.8616
1 46 24.1285
1 47 24.9881
1 48 32.0418
1 49 36.7847
1 50 21.4021
1 51 44.1087
1 52 43.2699
1 53 20.9439
1 54 48.5641
1 55 14.6547
1 56 25.9452
1 57 6.7228
1 58 26.2001
1 59 38.7762
1 60 28.8759
1 61 12.5465
1 62 49.1788
1 63 11.0344
1 64 11.6684
1 65 5.20134
1 66 46.7975
1 67 4.27547
1 68 49.3708
1 69 48.6754
1 70 22.3033
1 71 47.6573
1 72 27.2714
1 73 34.8525
1 74 4.60809
1 75 17.0834
1 76 17.7141
1 77 28.7365
1 78 42.0715
1 79 49.7559
1 80 15.5213
1 81 13.4736
1 82 43.8646
1 83 8.79117
1 84 34.4175
1 85 42.4288
1 86 23.4458
1 87 10.3627
1 88 49.1516
1 89 49.6459
1 90 49.1389
2 3 12.1924
91 91 43
1 2 12.7755
1 3 45.6199
1 4 3.60451
1 5 43.4852
1 6 38.1469
1 7 16.1148
1 8 25.4208
1 9 4.11705
1 10 26.7182
1 11 44.5212
1 12 8.66424
1 13 11.216
1 14 20.3125
1 15 17.1777
1 16 35.1761
1 17 49.1802
1 18 12.6563
1 19 46.414
1 20 12.067
1 21 6.48513
1 22 49.5419
1 23 4.45537
1 24 21.3848
1 25 5.00128
1 26 8.15869
1 27 11.5454
1 28 12.831
1 29 22.153
1 30 36.3464
1 31 10.4026
1 32 32.1586
1 33 49.1219
1 34 6.02255
1 35 35.7631
1 36 42.6071
1 37 44.1695
1 38 1.87784
1 39 18.0279
1 40 48.2865
1 41 28.596
1 42 12.5491
1 43 6.95076
1 44 39.812
1 45 32.8616
1 46 24.1285
1 47 24.9881
1 48 32.0418
1 49 36.7847
1 50 21.4021
1 51 44.1087
1 52 43.2699
1 53 20.9439
1 54 48.5641
1 55 14.6547
1 56 25.9452
1 57 6.7228
1 58 26.2001
1 59 38.7762
1 60 28.8759
1 61 12.5465
1 62 49.1788
1 63 11.0344
1 64 11.6684
1 65 5.20134
1 66 46.7975
1 67 4.27547
1 68 49.3708
1 69 48.6754
1 70 22.3033
1 71 47.6573
1 72 27.2714
1 73 34.8525
1 74 4.60809
1 75 17.0834
1 76 17.7141
1 77 28.7365
1 78 42.0715
1 79 49.7559
1 80 15.5213
1 81 13.4736
1 82 43.8646
1 83 8.79117
1 84 34.4175
1 85 42.4288
1 86 23.4458
1 87 10.3627
1 88 49.1516
1 89 49.6459
1 90 49.1389
1 91 28.0274
2 3 48.3177
92 92 18
1 2 12.7755
1 3 45.6199
1 4 3.60451
1 5 43.4852
1 6 38.1469
1 7 16.1148
1 8 25.4208
1 9 4.11705
1 10 26.7182
1 11 44.5212
1 12 8.66424
1 13 11.216
1 14 20.3125
1 15 17.1777
1 16 35.1761
1 17 49.1802
1 18 12.6563
1 19 46.414
1 20 12.067
1 21 6.48513
1 22 49.5419
1 23 4.45537
1 24 21.3848
1 25 5.00128
1 26 8.15869
1 27 11.5454
1 28 12.831
1 29 22.153
1 30 36.3464
1 31 10.4026
1 32 32.1586
1 33 49.1219
1 34 6.02255
1 35 35.7631
1 36 42.6071
1 37 44.1695
1 38 1.87784
1 39 18.0279
1 40 48.2865
1 41 28.596
1 42 12.5491
1 43 6.95076
1 44 39.812
1 45 32.8616
1 46 24.1285
1 47 24.9881
1 48 32.0418
1 49 36.7847
1 50 21.4021
1 51 44.1087
1 52 43.2699
1 53 20.9439
1 54 48.5641
1 55 14.6547
1 56 25.9452
1 57 6.7228
1 58 26.2001
1 59 38.7762
1 60 28.8759
1 61 12.5465
1 62 49.1788
1 63 11.0344
1 64 11.6684
1 65 5.20134
1 66 46.7975
1 67 4.27547
1 68 49.3708
1 69 48.6754
1 70 22.3033
1 71 47.6573
1 72 27.2714
1 73 34.8525
1 74 4.60809
1 75 17.0834
1 76 17.7141
1 77 28.7365
1 78 42.0715
1 79 49.7559
1 80 15.5213
1 81 13.4736
1 82 43.8646
1 83 8.79117
1 84 34.4175
1 85 42.4288
1 86 23.4458
1 87 10.3627
1 88 49.1516
1 89 49.6459
1 90 49.1389
1 91 28.0274
1 92 12.1924
2 3 39.0618
93 93 40
1 2 12.7755
1 3 45.6199
1 4 3.60451
1 5 43.4852
1 6 38.1469
1 7 16.1148
1 8 25.4208
1 9 4.11705
1 10 26.7182
1 11 44.5212
1 12 8.66424
1 13 11.216
1 14 20.3125
1 15 17.1777
1 16 35.1761
1 17 49.1802
1 18 12.6563
1 19 46.414
1 20 12.067
1 21 6.48513
1 22 49.5419
1 23 4.45537
1 24 21.3848
1 25 5.00128
1 26 8.15869
1 27 11.5454
1 28 12.831
1 29 22.153
1 30 36.3464
1 31 10.4026
1 32 32.1586
1 33 49.1219
1 34 6.02255
1 35 35.7631
1 36 42.6071
1 37 44.1695
1 38 1.87784
1 39 18.0279
1 40 48.2865
1 41 28.596
1 42 12.5491
1 43 6.95076
1 44 39.812
1 45 32.8616
1 46 24.1285
1 47 24.9881
1 48 32.0418
1 49 36.7847
1 50 21.4021
1 51 44.1087
1 52 43.2699
1 53 20.9439
1 54 48.5641
1 55 14.6547
1 56 25.9452
1 57 6.7228
1 58 26.2001
1 59 38.7762
1 60 28.8759
1 61 12.5465
1 62 49.1788
1 63 11.0344
1 64 11.6684
1 65 5.20134
1 66 46.7975
1 67 4.27547
1 68 49.3708
1 69 48.6754
1 70 22.3033
1 71 47.6573
1 72 27.2714
1 73 34.8525
1 74 4.60809
1 75 17.0834
1 76 17.7141
1 77 28.7365
1 78 42.0715
1 79 49.7559
1 80 15.5213
1 81 13.4736
1 82 43.8646
1 83 8.79117
1 84 34.4175
1 85 42.4288
1 86 23.4458
1 87 10.3627
1 88 49.1516
1 89 49.6459
1 90 49.1389
1 91 28.0274
1 92 12.1924
1 93 48.3177
2 3 23.8607
94 94 26
1 2 12.7755
1 3 45.6199
1 4 3.60451
1 5 43.4852
1 6 38.1469
1 7 16.1148
1 8 25.4208
1 9 4.11705
1 10 26.7182
1 11 44.5212
1 12 8.66424
1 13 11.216
1 14 20.3125
1 15 17.1777
1 16 35.1761
1 17 49.1802
1 18 12.6563
1 19 46.414
1 20 12.067
1 21 6.48513
1 22 49.5419
1 23 4.45537
1 24 21.3848
1 25 5.00128
1 26 8.15869
1 27 11.5454
1 28 12.831
1 29 22.153
1 30 36.3464
1 31 10.4026
1 32 32.1586
1 33 49.1219
1 34 6.02255
1 35 35.7631
1 36 42.6071
1 37 44.1695
1 38 1.87784
1 39 18.0279
1 40 48.2865
1 41 28.596
1 42 12.5491
1 43 6.95076
1 44 39.812
1 45 32.8616
1 46 24.1285
1 47 24.9881
1 48 32.0418
1 49 36.7847
1 50 21.4021
1 51 44.1087
1 52 43.2699
1 53 20.9439
1 54 48.5641
1 55 14.6547
1 56 25.9452
1 57 6.7228
1 58 26.2001
1 59 38.7762
1 60 28.8759
1 61 12.5465
1 62 49.1788
1 63 11.0344
1 64 11.6684
1 65 5.20134
1 66 46.7975
1 67 4.27547
1 68 49.3708
1 69 48.6754
1 70 22.3033
1 71 47.6573
1 72 27.2714
1 73 34.8525
1 74 4.60809
1 75 17.0834
1 76 17.7141
1 77 28.7365
1 78 42.0715
1 79 49.7559
1 80 15.5213
1 81 13.4736
1 82 43.8646
1 83 8.79117
1 84 34.4175
1 85 42.4288
1 86 23.4458
1 87 10.3627
1 88 49.1516
1 89 49.6459
1 90 49.1389
1 91 28.0274
1 92 12.1924
1 93 48.3177
1 94 39.0618
2 3 3.51901
95 95 84
1 2 12.7755
1 3 45.6199
1 4 3.60451
1 5 43.4852
1 6 38.1469
1 7 16.1148
1 8 25.4208
1 9 4.11705
1 10 26.7182
1 11 44.5212
1 12 8.66424
1 13 11.216
1 14 20.3125
1 15 17.1777
1 16 35.1761
1 17 49.1802
1 18 12.6563
1 19 46.414
1 20 12.067
1 21 6.48513
1 22 49.5419
1 23 4.45537
1 24 21.3848
1 25 5.00128
1 26 8.15869
1 27 11.5454
1 28 12.831
1 29 22.153
1 30 36.3464
1 31 10.4026
1 32 32.1586
1 33 49.1219
1 34 6.02255
1 35 35.7631
1 36 42.6071
1 37 44.1695
1 38 1.87784
1 39 18.0279
1 40 48.2865
1 41 28.596
1 42 12.5491
1 43 6.95076
1 44 39.812
1 45 32.8616
1 46 24.1285
1 47 24.9881
1 48 32.0418
1 49 36.7847
1 50 21.4021
1 51 44.1087
1 52 43.2699
1 53 20.9439
1 54 48.5641
1 55 14.6547
1 56 25.9452
1 57 6.7228
1 58 26.2001
1 59 38.7762
1 60 28.8759
1 61 12.5465
1 62 49.1788
1 63 11.0344
1 64 11.6684
1 65 5.20134
1 66 46.7975
1 67 4.27547
1 68 49.3708
1 69 48.6754
1 70 22.3033
1 71 47.6573
1 72 27.2714
1 73 34.8525
1 74 4.60809
1 75 17.0834
1 76 17.7141
1 77 28.7365
1 78 42.0715
1 79 49.7559
1 80 15.5213
1 81 13.4736
1 82 43.8646
1 83 8.79117
1 84 34.4175
1 85 42.4288
1 86 23.4458
1 87 10.3627
1 88 49.1516
1 89 49.6459
1 90 49.1389
1 91 28.0274
1 92 12.1924
1 93 48.3177
1 94 39.0618
1 95 23.8607
2 3 35.8594
96 96 18
1 2 12.7755
1 3 45.6199
1 4 3.60451
1 5 43.4852
1 6 38.1469
1 7 16.1148
1 8 25.4208
1 9 4.11705
1 10 26.7182
1 11 44.5212
1 12 8.66424
1 13 11.216
1 14 20.3125
1 15 17.1777
1 16 35.1761
1 17 49.1802
1 18 12.6563
1 19 46.414
1 20 12.067
1 21 6.48513
1 22 49.5419
1 23 4.45537
1 24 21.3848
1 25 5.00128
1 26 8.15869
1 27 11.5454
1 28 12.831
1 29 22.153
1 30 36.3464
1 31 10.4026
1 32 32.1586
1 33 49.1219
1 34 6.02255
1 35 35.7631
1 36 42.6071
1 37 44.1695
1 38 1.87784
1 39 18.0279
1 40 48.2865
1 41 28.596
1 42 12.5491
1 43 6.95076
1 44 39.812
1 45 32.8616
1 46 24.1285
1 47 24.9881
1 48 32.0418
1 49 36.7847
1 50 21.4021
1 51 44.1087
1 52 43.2699
1 53 20.9439
1 54 48.5641
1 55 14.6547
1 56 25.9452
1 57 6.7228
1 58 26.2001
1 59 38.7762
1 60 28.8759
1 61 12.5465
1 62 49.1788
1 63 11.0344
1 64 11.6684
1 65 5.20134
1 66 46.7975
1 67 4.27547
1 68 49.3708
1 69 48.6754
1 70 22.3033
1 71 47.6573
1 72 27.2714
1 73 34.8525
1 74 4.60809
1 75 17.0834
1 76 17.7141
1 77 28.7365
1 78 42.0715
1 79 49.7559
1 80 15.5213
1 81 13.4736
1 82 43.8646
1 83 8.79117
1 84 34.4175
1 85 42.4288
1 86 23.4458
1 87 10.3627
1 88 49.1516
1 89 49.6459
1 90 49.1389
1 91 28.0274
1 92 12.1924
1 93 48.3177
1 94 39.0618
1 95 23.8607
1 96 3.51901
2 3 28.1362
97 97 13
1 2 12.7755
1 3 45.6199
1 4 3.60451
1 5 43.4852
1 6 38.1469
1 7 16.1148
1 8 25.4208
1 9 4.11705
1 10 26.7182
1 11 44.5212
1 12 8.66424
1 13 11.216
1 14 20.3125
1 15 17.1777
1 16 35.1761
1 17 49.1802
1 18 12.6563
1 19 46.414
1 20 12.067
1 21 6.48513
1 22 49.5419
1 23 4.45537
1 24 21.3848
1 25 5.00128
1 26 8.15869
1 27 11.5454
1 28 12.831
1 29 22.153
1 30 36.3464
1 31 10.4026
1 32 32.1586
1 33 49.1219
1 34 6.02255
1 35 35.7631
1 36 42.6071
1 37 44.1695
1 38 1.87784
1 39 18.0279
1 40 48.2865
1 41 28.596
1 42 12.5491
1 43 6.95076
1 44 39.812
1 45 32.8616
1 46 24.1285
1 47 24.9881
1 48 32.0418
1 49 36.7847
1 50 21.4021
1 51 44.1087
1 52 43.2699
1 53 20.9439
1 54 48.5641
1 55 14.6547
1 56 25.9452
1 57 6.7228
1 58 26.2001
1 59 38.7762
1 60 28.8759
1 61 12.5465
1 62 49.1788
1 63 11.0344
1 64 11.6684
1 65 5.20134
1 66 46.7975
1 67 4.27547
1 68 49.3708
1 69 48.6754
1 70 22.3033
1 71 47.6573
1 72 27.2714
1 73 34.8525
1 74 4.60809
1 75 17.0834
1 76 17.7141
1 77 28.7365
1 78 42.0715
1 79 49.7559
1 80 15.5213
1 81 13.4736
1 82 43.8646
1 83 8.79117
1 84 34.4175
1 85 42.4288
1 86 23.4458
1 87 10.3627
1 88 49.1516
1 89 49.6459
1 90 49.1389
1 91 28.0274
1 92 12.1924
1 93 48.3177
1 94 39.0618
1 95 23.8607
1 96 3.51901
1 97 35.8594
2 3 2.88982
98 98 56
1 2 12.7755
1 3 45.6199
1 4 3.60451
1 5 43.4852
1 6 38.1469
1 7 16.1148
1 8 25.4208
1 9 4.11705
1 10 26.7182
1 11 44.5212
1 12 8.66424
1 13 11.216
1 14 20.3125
1 15 17.1777
1 16 35.1761
1 17 49.1802
1 18 12.6563
1 19 46.414
1 20 12.067
1 21 6.48513
1 22 49.5419
1 23 4.45537
1 24 21.3848
1 25 5.00128
1 26 8.15869
1 27 11.5454
1 28 12.831
1 29 22.153
1 30 36.3464
1 31 10.4026
1 32 32.1586
1 33 49.1219
1 34 6.02255
1 35 35.7631
1 36 42.6071
1 37 44.1695
1 38 1.87784
1 39 18.0279
1 40 48.2865
1 41 28.596
1 42 12.5491
1 43 6.95076
1 44 39.812
1 45 32.8616
1 46 24.1285
1 47 24.9881
1 48 32.0418
1 49 36.7847
1 50 21.4021
1 51 44.1087
1 52 43.2699
1 53 20.9439
1 54 48.5641
1 55 14.6547
1 56 25.9452
1 57 6.7228
1 58 26.2001
1 59 38.7762
1 60 28.8759
1 61 12.5465
1 62 49.1788
1 63 11.0344
1 64 11.6684
1 65 5.20134
1 66 46.7975
1 67 4.27547
1 68 49.3708
1 69 48.6754
1 70 22.3033
1 71 47.6573
1 72 27.2714
1 73 34.8525
1 74 4.60809
1 75 17.0834
1 76 17.7141
1 77 28.7365
1 78 42.0715
1 79 49.7559
1 80 15.5213
1 81 13.4736
1 82 43.8646
1 83 8.79117
1 84 34.4175
1 85 42.4288
1 86 23.4458
1 87 10.3627
1 88 49.1516
1 89 49.6459
1 90 49.1389
1 91 28.0274
1 92 12.1924
1 93 48.3177
1 94 39.0618
1 95 23.8607
1 96 3.51901
1 97 35.8594
1 98 28.1362
2 3 34.5347
99 99 13
1 2 12.7755
1 3 45.6199
1 4 3.60451
1 5 43.4852
1 6 38.1469
1 7 16.1148
1 8 25.4208
1 9 4.11705
1 10 26.7182
1 11 44.5212
1 12 8.66424
1 13 11.216
1 14 20.3125
1 15 17.1777
1 16 35.1761
1 17 49.1802
1 18 12.6563
1 19 46.414
1 20 12.067
1 21 6.48513
1 22 49.5419
1 23 4.45537
1 24 21.3848
1 25 5.00128
1 26 8.15869
1 27 11.5454
1 28 12.831
1 29 22.153
1 30 36.3464
1 31 10.4026
1 32 32.1586
1 33 49.1219
1 34 6.02255
1 35 35.7631
1 36 42.6071
1 37 44.1695
1 38 1.87784
1 39 18.0279
1 40 48.2865
1 41 28.596
1 42 12.5491
1 43 6.95076
1 44 39.812
1 45 32.8616
1 46 24.1285
1 47 24.9881
1 48 32.0418
1 49 36.7847
1 50 21.4021
1 51 44.1087
1 52 43.2699
1 53 20.9439
1 54 48.5641
1 55 14.6547
1 56 25.9452
1 57 6.7228
1 58 26.2001
1 59 38.7762
1 60 28.8759
1 61 12.5465
1 62 49.1788
1 63 11.0344
1 64 11.6684
1 65 5.20134
1 66 46.7975
1 67 4.27547
1 68 49.3708
1 69 48.6754
1 70 22.3033
1 71 47.6573
1 72 27.2714
1 73 34.8525
1 74 4.60809
1 75 17.0834
1 76 17.7141
1 77 28.7365
1 78 42.0715
1 79 49.7559
1 80 15.5213
1 81 13.4736
1 82 43.8646
1 83 8.79117
1 84 34.4175
1 85 42.4288
1 86 23.4458
1 87 10.3627
1 88 49.1516
1 89 49.6459
1 90 49.1389
1 91 28.0274
1 92 12.1924
1 93 48.3177
1 94 39.0618
1 95 23.8607
1 96 3.51901
1 97 35.8594
1 98 28.1362
1 99 2.88982
2 3 0.439559
100 100 81
1 2 12.7755
1 3 45.6199
1 4 3.60451
1 5 43.4852
1 6 38.1469
1 7 16.1148
1 8 25.4208
1 9 4.11705
1 10 26.7182
1 11 44.5212
1 12 8.66424
1 13 11.216
1 14 20.3125
1 15 17.1777
1 16 35.1761
1 17 49.1802
1 18 12.6563
1 19 46.414
1 20 12.067
1 21 6.48513
1 22 49.5419
1 23 4.45537
1 24 21.3848
1 25 5.00128
1 26 8.15869
1 27 11.5454
1 28 12.831
1 29 22.153
1 30 36.3464
1 31 10.4026
1 32 32.1586
1 33 49.1219
1 34 6.02255
1 35 35.7631
1 36 42.6071
1 37 44.1695
1 38 1.87784
1 39 18.0279
1 40 48.2865
1 41 28.596
1 42 12.5491
1 43 6.95076
1 44 39.812
1 45 32.8616
1 46 24.1285
1 47 24.9881
1 48 32.0418
1 49 36.7847
1 50 21.4021
1 51 44.1087
1 52 43.2699
1 53 20.9439
1 54 48.5641
1 55 14.6547
1 56 25.9452
1 57 6.7228
1 58 26.2001
1 59 38.7762
1 60 28.8759
1 61 12.5465
1 62 49.1788
1 63 11.0344
1 64 11.6684
1 65 5.20134
1 66 46.7975
1 67 4.27547
1 68 49.3708
1 69 48.6754
1 70 22.3033
1 71 47.6573
1 72 27.2714
1 73 34.8525
1 74 4.60809
1 75 17.0834
1 76 17.7141
1 77 28.7365
1 78 42.0715
1 79 49.7559
1 80 15.5213
1 81 13.4736
1 82 43.8646
1 83 8.79117
1 84 34.4175
1 85 42.4288
1 86 23.4458
1 87 10.3627
1 88 49.1516
1 89 49.6459
1 90 49.1389
1 91 28.0274
1 92 12.1924
1 93 48.3177
1 94 39.0618
1 95 23.8607
1 96 3.51901
1 97 35.8594
1 98 28.1362
1 99 2.88982
1 100 34.5347
2 3 0.547148
0
