2 1 1
1 2 31.7437
4 4 10
1 3 31.7437
1 4 0.0493962
2 3 46.2852
2 4 1.23555
6 9 10
1 4 31.7437
1 5 0.0493962
1 6 46.2852
2 4 1.23555
2 5 39.2729
2 6 33.2288
3 4 31.769
3 5 23.5467
3 6 19.9676
8 16 10
1 5 31.7437
1 6 0.0493962
1 7 46.2852
1 8 1.23555
2 5 39.2729
2 6 33.2288
2 7 31.769
2 8 23.5467
3 5 19.9676
3 6 28.8446
3 7 15.0563
3 8 46.8627
4 5 18.6244
4 6 3.45193
4 7 44.2521
4 8 9.2942
10 25 10
1 6 31.7437
1 7 0.0493962
1 8 46.2852
1 9 1.23555
1 10 39.2729
2 6 33.2288
2 7 31.769
2 8 23.5467
2 9 19.9676
2 10 28.8446
3 6 15.0563
3 7 46.8627
3 8 18.6244
3 9 3.45193
3 10 44.2521
4 6 9.2942
4 7 42.2692
4 8 30.1461
4 9 34.9712
4 10 8.85983
5 6 44.139
5 7 34.4555
5 8 37.2752
5 9 20.8549
5 10 2.20003
12 36 10
1 7 31.7437
1 8 0.0493962
1 9 46.2852
1 10 1.23555
1 11 39.2729
1 12 33.2288
2 7 31.769
2 8 23.5467
2 9 19.9676
2 10 28.8446
2 11 15.0563
2 12 46.8627
3 7 18.6244
3 8 3.45193
3 9 44.2521
3 10 9.2942
3 11 42.2692
3 12 30.1461
4 7 34.9712
4 8 8.85983
4 9 44.139
4 10 34.4555
4 11 37.2752
4 12 20.8549
5 7 2.20003
5 8 13.0251
5 9 6.33036
5 10 8.84908
5 11 5.25224
5 12 18.5806
6 7 49.9562
6 8 36.9959
6 9 18.63
6 10 46.2414
6 11 38.2315
6 12 7.90294
14 49 10
1 8 31.7437
1 9 0.0493962
1 10 46.2852
1 11 1.23555
1 12 39.2729
1 13 33.2288
1 14 31.769
2 8 23.5467
2 9 19.9676
2 10 28.8446
2 11 15.0563
2 12 46.8627
2 13 18.6244
2 14 3.45193
3 8 44.2521
3 9 9.2942
3 10 42.2692
3 11 30.1461
3 12 34.9712
3 13 8.85983
3 14 44.139
4 8 34.4555
4 9 37.2752
4 10 20.8549
4 11 2.20003
4 12 13.0251
4 13 6.33036
4 14 8.84908
5 8 5.25224
5 9 18.5806
5 10 49.9562
5 11 36.9959
5 12 18.63
5 13 46.2414
5 14 38.2315
6 8 7.90294
6 9 29.4702
6 10 20.0005
6 11 31.4496
6 12 49.4378
6 13 48.8451
6 14 46.506
7 8 46.3005
7 9 17.4695
7 10 49.9579
7 11 40.5525
7 12 26.7637
7 13 42.2271
7 14 20.6987
16 64 10
1 9 31.7437
1 10 0.0493962
1 11 46.2852
1 12 1.23555
1 13 39.2729
1 14 33.2288
1 15 31.769
1 16 23.5467
2 9 19.9676
2 10 28.8446
2 11 15.0563
2 12 46.8627
2 13 18.6244
2 14 3.45193
2 15 44.2521
2 16 9.2942
3 9 42.2692
3 10 30.1461
3 11 34.9712
3 12 8.85983
3 13 44.139
3 14 34.4555
3 15 37.2752
3 16 20.8549
4 9 2.20003
4 10 13.0251
4 11 6.33036
4 12 8.84908
4 13 5.25224
4 14 18.5806
4 15 49.9562
4 16 36.9959
5 9 18.63
5 10 46.2414
5 11 38.2315
5 12 7.90294
5 13 29.4702
5 14 20.0005
5 15 31.4496
5 16 49.4378
6 9 48.8451
6 10 46.506
6 11 46.3005
6 12 17.4695
6 13 49.9579
6 14 40.5525
6 15 26.7637
6 16 42.2271
7 9 20.6987
7 10 11.7349
7 11 1.08692
7 12 14.8377
7 13 46.1904
7 14 38.3621
7 15 35.6925
7 16 48.3904
8 9 1.38722
8 10 42.0229
8 11 7.23952
8 12 6.63947
8 13 10.6035
8 14 7.19574
8 15 43.6354
8 16 29.2335
18 81 10
1 10 31.7437
1 11 0.0493962
1 12 46.2852
1 13 1.23555
1 14 39.2729
1 15 33.2288
1 16 31.769
1 17 23.5467
1 18 19.9676
2 10 28.8446
2 11 15.0563
2 12 46.8627
2 13 18.6244
2 14 3.45193
2 15 44.2521
2 16 9.2942
2 17 42.2692
2 18 30.1461
3 10 34.9712
3 11 8.85983
3 12 44.139
3 13 34.4555
3 14 37.2752
3 15 20.8549
3 16 2.20003
3 17 13.0251
3 18 6.33036
4 10 8.84908
4 11 5.25224
4 12 18.5806
4 13 49.9562
4 14 36.9959
4 15 18.63
4 16 46.2414
4 17 38.2315
4 18 7.90294
5 10 29.4702
5 11 20.0005
5 12 31.4496
5 13 49.4378
5 14 48.8451
5 15 46.506
5 16 46.3005
5 17 17.4695
5 18 49.9579
6 10 40.5525
6 11 26.7637
6 12 42.2271
6 13 20.6987
6 14 11.7349
6 15 1.08692
6 16 14.8377
6 17 46.1904
6 18 38.3621
7 10 35.6925
7 11 48.3904
7 12 1.38722
7 13 42.0229
7 14 7.23952
7 15 6.63947
7 16 10.6035
7 17 7.19574
7 18 43.6354
8 10 29.2335
8 11 3.43718
8 12 31.8669
8 13 37.1364
8 14 32.9074
8 15 1.86738
8 16 18.5861
8 17 32.3452
8 18 0.712445
9 10 15.092
9 11 28.6457
9 12 18.1819
9 13 15.0499
9 14 19.1982
9 15 44.9456
9 16 7.27703
9 17 39.8969
9 18 6.68047
20 100 10
1 11 31.7437
1 12 0.0493962
1 13 46.2852
1 14 1.23555
1 15 39.2729
1 16 33.2288
1 17 31.769
1 18 23.5467
1 19 19.9676
1 20 28.8446
2 11 15.0563
2 12 46.8627
2 13 18.6244
2 14 3.45193
2 15 44.2521
2 16 9.2942
2 17 42.2692
2 18 30.1461
2 19 34.9712
2 20 8.85983
3 11 44.139
3 12 34.4555
3 13 37.2752
3 14 20.8549
3 15 2.20003
3 16 13.0251
3 17 6.33036
3 18 8.84908
3 19 5.25224
3 20 18.5806
4 11 49.9562
4 12 36.9959
4 13 18.63
4 14 46.2414
4 15 38.2315
4 16 7.90294
4 17 29.4702
4 18 20.0005
4 19 31.4496
4 20 49.4378
5 11 48.8451
5 12 46.506
5 13 46.3005
5 14 17.4695
5 15 49.9579
5 16 40.5525
5 17 26.7637
5 18 42.2271
5 19 20.6987
5 20 11.7349
6 11 1.08692
6 12 14.8377
6 13 46.1904
6 14 38.3621
6 15 35.6925
6 16 48.3904
6 17 1.38722
6 18 42.0229
6 19 7.23952
6 20 6.63947
7 11 10.6035
7 12 7.19574
7 13 43.6354
7 14 29.2335
7 15 3.43718
7 16 31.8669
7 17 37.1364
7 18 32.9074
7 19 1.86738
7 20 18.5861
8 11 32.3452
8 12 0.712445
8 13 15.092
8 14 28.6457
8 15 18.1819
8 16 15.0499
8 17 19.1982
8 18 44.9456
8 19 7.27703
8 20 39.8969
9 11 6.68047
9 12 8.36395
9 13 4.73456
9 14 2.87088
9 15 46.7261
9 16 40.4271
9 17 1.26132
9 18 48.1133
9 19 32.45
9 20 8.50084
10 11 4.75276
10 12 43.0535
10 13 15.6966
10 14 48.3882
10 15 22.287
10 16 19.1338
10 17 30.2551
10 18 9.42341
10 19 2.04115
10 20 32.1225
22 121 10
1 12 31.7437
1 13 0.0493962
1 14 46.2852
1 15 1.23555
1 16 39.2729
1 17 33.2288
1 18 31.769
1 19 23.5467
1 20 19.9676
1 21 28.8446
1 22 15.0563
2 12 46.8627
2 13 18.6244
2 14 3.45193
2 15 44.2521
2 16 9.2942
2 17 42.2692
2 18 30.1461
2 19 34.9712
2 20 8.85983
2 21 44.139
2 22 34.4555
3 12 37.2752
3 13 20.8549
3 14 2.20003
3 15 13.0251
3 16 6.33036
3 17 8.84908
3 18 5.25224
3 19 18.5806
3 20 49.9562
3 21 36.9959
3 22 18.63
4 12 46.2414
4 13 38.2315
4 14 7.90294
4 15 29.4702
4 16 20.0005
4 17 31.4496
4 18 49.4378
4 19 48.8451
4 20 46.506
4 21 46.3005
4 22 17.4695
5 12 49.9579
5 13 40.5525
5 14 26.7637
5 15 42.2271
5 16 20.6987
5 17 11.7349
5 18 1.08692
5 19 14.8377
5 20 46.1904
5 21 38.3621
5 22 35.6925
6 12 48.3904
6 13 1.38722
6 14 42.0229
6 15 7.23952
6 16 6.63947
6 17 10.6035
6 18 7.19574
6 19 43.6354
6 20 29.2335
6 21 3.43718
6 22 31.8669
7 12 37.1364
7 13 32.9074
7 14 1.86738
7 15 18.5861
7 16 32.3452
7 17 0.712445
7 18 15.092
7 19 28.6457
7 20 18.1819
7 21 15.0499
7 22 19.1982
8 12 44.9456
8 13 7.27703
8 14 39.8969
8 15 6.68047
8 16 8.36395
8 17 4.73456
8 18 2.87088
8 19 46.7261
8 20 40.4271
8 21 1.26132
8 22 48.1133
9 12 32.45
9 13 8.50084
9 14 4.75276
9 15 43.0535
9 16 15.6966
9 17 48.3882
9 18 22.287
9 19 19.1338
9 20 30.2551
9 21 9.42341
9 22 2.04115
10 12 32.1225
10 13 28.0095
10 14 34.3863
10 15 32.8349
10 16 43.1015
10 17 13.032
10 18 1.01681
10 19 8.15146
10 20 32.2303
10 21 45.9624
10 22 15.4285
11 12 22.1271
11 13 2.64285
11 14 23.7925
11 15 26.8617
11 16 5.51373
11 17 20.5185
11 18 17.2888
11 19 6.77505
11 20 18.6318
11 21 49.7388
11 22 15.2759
24 144 10
1 13 31.7437
1 14 0.0493962
1 15 46.2852
1 16 1.23555
1 17 39.2729
1 18 33.2288
1 19 31.769
1 20 23.5467
1 21 19.9676
1 22 28.8446
1 23 15.0563
1 24 46.8627
2 13 18.6244
2 14 3.45193
2 15 44.2521
2 16 9.2942
2 17 42.2692
2 18 30.1461
2 19 34.9712
2 20 8.85983
2 21 44.139
2 22 34.4555
2 23 37.2752
2 24 20.8549
3 13 2.20003
3 14 13.0251
3 15 6.33036
3 16 8.84908
3 17 5.25224
3 18 18.5806
3 19 49.9562
3 20 36.9959
3 21 18.63
3 22 46.2414
3 23 38.2315
3 24 7.90294
4 13 29.4702
4 14 20.0005
4 15 31.4496
4 16 49.4378
4 17 48.8451
4 18 46.506
4 19 46.3005
4 20 17.4695
4 21 49.9579
4 22 40.5525
4 23 26.7637
4 24 42.2271
5 13 20.6987
5 14 11.7349
5 15 1.08692
5 16 14.8377
5 17 46.1904
5 18 38.3621
5 19 35.6925
5 20 48.3904
5 21 1.38722
5 22 42.0229
5 23 7.23952
5 24 6.63947
6 13 10.6035
6 14 7.19574
6 15 43.6354
6 16 29.2335
6 17 3.43718
6 18 31.8669
6 19 37.1364
6 20 32.9074
6 21 1.86738
6 22 18.5861
6 23 32.3452
6 24 0.712445
7 13 15.092
7 14 28.6457
7 15 18.1819
7 16 15.0499
7 17 19.1982
7 18 44.9456
7 19 7.27703
7 20 39.8969
7 21 6.68047
7 22 8.36395
7 23 4.73456
7 24 2.87088
8 13 46.7261
8 14 40.4271
8 15 1.26132
8 16 48.1133
8 17 32.45
8 18 8.50084
8 19 4.75276
8 20 43.0535
8 21 15.6966
8 22 48.3882
8 23 22.287
8 24 19.1338
9 13 30.2551
9 14 9.42341
9 15 2.04115
9 16 32.1225
9 17 28.0095
9 18 34.3863
9 19 32.8349
9 20 43.1015
9 21 13.032
9 22 1.01681
9 23 8.15146
9 24 32.2303
10 13 45.9624
10 14 15.4285
10 15 22.1271
10 16 2.64285
10 17 23.7925
10 18 26.8617
10 19 5.51373
10 20 20.5185
10 21 17.2888
10 22 6.77505
10 23 18.6318
10 24 49.7388
11 13 15.2759
11 14 23.3846
11 15 42.7922
11 16 30.9725
11 17 21.7727
11 18 15.0792
11 19 0.10621
11 20 2.02783
11 21 24.5026
11 22 2.14736
11 23 34.1503
11 24 2.51209
12 13 36.5337
12 14 16.9852
12 15 45.6136
12 16 49.5657
12 17 18.002
12 18 3.76508
12 19 31.796
12 20 13.9644
12 21 19.1936
12 22 3.92312
12 23 16.6072
12 24 42.986
26 169 10
1 14 31.7437
1 15 0.0493962
1 16 46.2852
1 17 1.23555
1 18 39.2729
1 19 33.2288
1 20 31.769
1 21 23.5467
1 22 19.9676
1 23 28.8446
1 24 15.0563
1 25 46.8627
1 26 18.6244
2 14 3.45193
2 15 44.2521
2 16 9.2942
2 17 42.2692
2 18 30.1461
2 19 34.9712
2 20 8.85983
2 21 44.139
2 22 34.4555
2 23 37.2752
2 24 20.8549
2 25 2.20003
2 26 13.0251
3 14 6.33036
3 15 8.84908
3 16 5.25224
3 17 18.5806
3 18 49.9562
3 19 36.9959
3 20 18.63
3 21 46.2414
3 22 38.2315
3 23 7.90294
3 24 29.4702
3 25 20.0005
3 26 31.4496
4 14 49.4378
4 15 48.8451
4 16 46.506
4 17 46.3005
4 18 17.4695
4 19 49.9579
4 20 40.5525
4 21 26.7637
4 22 42.2271
4 23 20.6987
4 24 11.7349
4 25 1.08692
4 26 14.8377
5 14 46.1904
5 15 38.3621
5 16 35.6925
5 17 48.3904
5 18 1.38722
5 19 42.0229
5 20 7.23952
5 21 6.63947
5 22 10.6035
5 23 7.19574
5 24 43.6354
5 25 29.2335
5 26 3.43718
6 14 31.8669
6 15 37.1364
6 16 32.9074
6 17 1.86738
6 18 18.5861
6 19 32.3452
6 20 0.712445
6 21 15.092
6 22 28.6457
6 23 18.1819
6 24 15.0499
6 25 19.1982
6 26 44.9456
7 14 7.27703
7 15 39.8969
7 16 6.68047
7 17 8.36395
7 18 4.73456
7 19 2.87088
7 20 46.7261
7 21 40.4271
7 22 1.26132
7 23 48.1133
7 24 32.45
7 25 8.50084
7 26 4.75276
8 14 43.0535
8 15 15.6966
8 16 48.3882
8 17 22.287
8 18 19.1338
8 19 30.2551
8 20 9.42341
8 21 2.04115
8 22 32.1225
8 23 28.0095
8 24 34.3863
8 25 32.8349
8 26 43.1015
9 14 13.032
9 15 1.01681
9 16 8.15146
9 17 32.2303
9 18 45.9624
9 19 15.4285
9 20 22.1271
9 21 2.64285
9 22 23.7925
9 23 26.8617
9 24 5.51373
9 25 20.5185
9 26 17.2888
10 14 6.77505
10 15 18.6318
10 16 49.7388
10 17 15.2759
10 18 23.3846
10 19 42.7922
10 20 30.9725
10 21 21.7727
10 22 15.0792
10 23 0.10621
10 24 2.02783
10 25 24.5026
10 26 2.14736
11 14 34.1503
11 15 2.51209
11 16 36.5337
11 17 16.9852
11 18 45.6136
11 19 49.5657
11 20 18.002
11 21 3.76508
11 22 31.796
11 23 13.9644
11 24 19.1936
11 25 3.92312
11 26 16.6072
12 14 42.986
12 15 30.7848
12 16 22.121
12 17 13.5045
12 18 48.0736
12 19 28.896
12 20 32.1364
12 21 47.8123
12 22 44.1719
12 23 5.52093
12 24 40.6046
12 25 25.1444
12 26 27.2937
13 14 5.68378
13 15 25.2506
13 16 29.3215
13 17 30.1864
13 18 27.3979
13 19 13.4718
13 20 32.6985
13 21 13.9317
13 22 30.457
13 23 28.3121
13 24 13.4974
13 25 48.459
13 26 32.0772
28 196 10
1 15 31.7437
1 16 0.0493962
1 17 46.2852
1 18 1.23555
1 19 39.2729
1 20 33.2288
1 21 31.769
1 22 23.5467
1 23 19.9676
1 24 28.8446
1 25 15.0563
1 26 46.8627
1 27 18.6244
1 28 3.45193
2 15 44.2521
2 16 9.2942
2 17 42.2692
2 18 30.1461
2 19 34.9712
2 20 8.85983
2 21 44.139
2 22 34.4555
2 23 37.2752
2 24 20.8549
2 25 2.20003
2 26 13.0251
2 27 6.33036
2 28 8.84908
3 15 5.25224
3 16 18.5806
3 17 49.9562
3 18 36.9959
3 19 18.63
3 20 46.2414
3 21 38.2315
3 22 7.90294
3 23 29.4702
3 24 20.0005
3 25 31.4496
3 26 49.4378
3 27 48.8451
3 28 46.506
4 15 46.3005
4 16 17.4695
4 17 49.9579
4 18 40.5525
4 19 26.7637
4 20 42.2271
4 21 20.6987
4 22 11.7349
4 23 1.08692
4 24 14.8377
4 25 46.1904
4 26 38.3621
4 27 35.6925
4 28 48.3904
5 15 1.38722
5 16 42.0229
5 17 7.23952
5 18 6.63947
5 19 10.6035
5 20 7.19574
5 21 43.6354
5 22 29.2335
5 23 3.43718
5 24 31.8669
5 25 37.1364
5 26 32.9074
5 27 1.86738
5 28 18.5861
6 15 32.3452
6 16 0.712445
6 17 15.092
6 18 28.6457
6 19 18.1819
6 20 15.0499
6 21 19.1982
6 22 44.9456
6 23 7.27703
6 24 39.8969
6 25 6.68047
6 26 8.36395
6 27 4.73456
6 28 2.87088
7 15 46.7261
7 16 40.4271
7 17 1.26132
7 18 48.1133
7 19 32.45
7 20 8.50084
7 21 4.75276
7 22 43.0535
7 23 15.6966
7 24 48.3882
7 25 22.287
7 26 19.1338
7 27 30.2551
7 28 9.42341
8 15 2.04115
8 16 32.1225
8 17 28.0095
8 18 34.3863
8 19 32.8349
8 20 43.1015
8 21 13.032
8 22 1.01681
8 23 8.15146
8 24 32.2303
8 25 45.9624
8 26 15.4285
8 27 22.1271
8 28 2.64285
9 15 23.7925
9 16 26.8617
9 17 5.51373
9 18 20.5185
9 19 17.2888
9 20 6.77505
9 21 18.6318
9 22 49.7388
9 23 15.2759
9 24 23.3846
9 25 42.7922
9 26 30.9725
9 27 21.7727
9 28 15.0792
10 15 0.10621
10 16 2.02783
10 17 24.5026
10 18 2.14736
10 19 34.1503
10 20 2.51209
10 21 36.5337
10 22 16.9852
10 23 45.6136
10 24 49.5657
10 25 18.002
10 26 3.76508
10 27 31.796
10 28 13.9644
11 15 19.1936
11 16 3.92312
11 17 16.6072
11 18 42.986
11 19 30.7848
11 20 22.121
11 21 13.5045
11 22 48.0736
11 23 28.896
11 24 32.1364
11 25 47.8123
11 26 44.1719
11 27 5.52093
11 28 40.6046
12 15 25.1444
12 16 27.2937
12 17 5.68378
12 18 25.2506
12 19 29.3215
12 20 30.1864
12 21 27.3979
12 22 13.4718
12 23 32.6985
12 24 13.9317
12 25 30.457
12 26 28.3121
12 27 13.4974
12 28 48.459
13 15 32.0772
13 16 45.2934
13 17 12.4234
13 18 1.27076
13 19 49.2165
13 20 29.0307
13 21 44.2568
13 22 30.0013
13 23 1.15164
13 24 7.76134
13 25 28.0749
13 26 30.0477
13 27 39.8977
13 28 25.8872
14 15 24.2196
14 16 45.4186
14 17 16.4918
14 18 49.364
14 19 22.7123
14 20 22.1756
14 21 24.6145
14 22 2.03381
14 23 2.362
14 24 2.01248
14 25 15.5056
14 26 35.0605
14 27 15.9441
14 28 45.9626
30 225 10
1 16 31.7437
1 17 0.0493962
1 18 46.2852
1 19 1.23555
1 20 39.2729
1 21 33.2288
1 22 31.769
1 23 23.5467
1 24 19.9676
1 25 28.8446
1 26 15.0563
1 27 46.8627
1 28 18.6244
1 29 3.45193
1 30 44.2521
2 16 9.2942
2 17 42.2692
2 18 30.1461
2 19 34.9712
2 20 8.85983
2 21 44.139
2 22 34.4555
2 23 37.2752
2 24 20.8549
2 25 2.20003
2 26 13.0251
2 27 6.33036
2 28 8.84908
2 29 5.25224
2 30 18.5806
3 16 49.9562
3 17 36.9959
3 18 18.63
3 19 46.2414
3 20 38.2315
3 21 7.90294
3 22 29.4702
3 23 20.0005
3 24 31.4496
3 25 49.4378
3 26 48.8451
3 27 46.506
3 28 46.3005
3 29 17.4695
3 30 49.9579
4 16 40.5525
4 17 26.7637
4 18 42.2271
4 19 20.6987
4 20 11.7349
4 21 1.08692
4 22 14.8377
4 23 46.1904
4 24 38.3621
4 25 35.6925
4 26 48.3904
4 27 1.38722
4 28 42.0229
4 29 7.23952
4 30 6.63947
5 16 10.6035
5 17 7.19574
5 18 43.6354
5 19 29.2335
5 20 3.43718
5 21 31.8669
5 22 37.1364
5 23 32.9074
5 24 1.86738
5 25 18.5861
5 26 32.3452
5 27 0.712445
5 28 15.092
5 29 28.6457
5 30 18.1819
6 16 15.0499
6 17 19.1982
6 18 44.9456
6 19 7.27703
6 20 39.8969
6 21 6.68047
6 22 8.36395
6 23 4.73456
6 24 2.87088
6 25 46.7261
6 26 40.4271
6 27 1.26132
6 28 48.1133
6 29 32.45
6 30 8.50084
7 16 4.75276
7 17 43.0535
7 18 15.6966
7 19 48.3882
7 20 22.287
7 21 19.1338
7 22 30.2551
7 23 9.42341
7 24 2.04115
7 25 32.1225
7 26 28.0095
7 27 34.3863
7 28 32.8349
7 29 43.1015
7 30 13.032
8 16 1.01681
8 17 8.15146
8 18 32.2303
8 19 45.9624
8 20 15.4285
8 21 22.1271
8 22 2.64285
8 23 23.7925
8 24 26.8617
8 25 5.51373
8 26 20.5185
8 27 17.2888
8 28 6.77505
8 29 18.6318
8 30 49.7388
9 16 15.2759
9 17 23.3846
9 18 42.7922
9 19 30.9725
9 20 21.7727
9 21 15.0792
9 22 0.10621
9 23 2.02783
9 24 24.5026
9 25 2.14736
9 26 34.1503
9 27 2.51209
9 28 36.5337
9 29 16.9852
9 30 45.6136
10 16 49.5657
10 17 18.002
10 18 3.76508
10 19 31.796
10 20 13.9644
10 21 19.1936
10 22 3.92312
10 23 16.6072
10 24 42.986
10 25 30.7848
10 26 22.121
10 27 13.5045
10 28 48.0736
10 29 28.896
10 30 32.1364
11 16 47.8123
11 17 44.1719
11 18 5.52093
11 19 40.6046
11 20 25.1444
11 21 27.2937
11 22 5.68378
11 23 25.2506
11 24 29.3215
11 25 30.1864
11 26 27.3979
11 27 13.4718
11 28 32.6985
11 29 13.9317
11 30 30.457
12 16 28.3121
12 17 13.4974
12 18 48.459
12 19 32.0772
12 20 45.2934
12 21 12.4234
12 22 1.27076
12 23 49.2165
12 24 29.0307
12 25 44.2568
12 26 30.0013
12 27 1.15164
12 28 7.76134
12 29 28.0749
12 30 30.0477
13 16 39.8977
13 17 25.8872
13 18 24.2196
13 19 45.4186
13 20 16.4918
13 21 49.364
13 22 22.7123
13 23 22.1756
13 24 24.6145
13 25 2.03381
13 26 2.362
13 27 2.01248
13 28 15.5056
13 29 35.0605
13 30 15.9441
14 16 45.9626
14 17 13.3726
14 18 29.4415
14 19 44.4216
14 20 45.4498
14 21 24.7349
14 22 6.84503
14 23 46.7205
14 24 23.9514
14 25 35.8757
14 26 40.9773
14 27 3.95268
14 28 37.0273
14 29 48.7386
14 30 32.0276
15 16 17.075
15 17 38.6363
15 18 7.91482
15 19 41.2946
15 20 34.055
15 21 24.4067
15 22 40.6585
15 23 6.76728
15 24 46.5823
15 25 15.2731
15 26 8.8011
15 27 48.9443
15 28 17.2855
15 29 24.3067
15 30 34.0047
32 256 10
1 17 31.7437
1 18 0.0493962
1 19 46.2852
1 20 1.23555
1 21 39.2729
1 22 33.2288
1 23 31.769
1 24 23.5467
1 25 19.9676
1 26 28.8446
1 27 15.0563
1 28 46.8627
1 29 18.6244
1 30 3.45193
1 31 44.2521
1 32 9.2942
2 17 42.2692
2 18 30.1461
2 19 34.9712
2 20 8.85983
2 21 44.139
2 22 34.4555
2 23 37.2752
2 24 20.8549
2 25 2.20003
2 26 13.0251
2 27 6.33036
2 28 8.84908
2 29 5.25224
2 30 18.5806
2 31 49.9562
2 32 36.9959
3 17 18.63
3 18 46.2414
3 19 38.2315
3 20 7.90294
3 21 29.4702
3 22 20.0005
3 23 31.4496
3 24 49.4378
3 25 48.8451
3 26 46.506
3 27 46.3005
3 28 17.4695
3 29 49.9579
3 30 40.5525
3 31 26.7637
3 32 42.2271
4 17 20.6987
4 18 11.7349
4 19 1.08692
4 20 14.8377
4 21 46.1904
4 22 38.3621
4 23 35.6925
4 24 48.3904
4 25 1.38722
4 26 42.0229
4 27 7.23952
4 28 6.63947
4 29 10.6035
4 30 7.19574
4 31 43.6354
4 32 29.2335
5 17 3.43718
5 18 31.8669
5 19 37.1364
5 20 32.9074
5 21 1.86738
5 22 18.5861
5 23 32.3452
5 24 0.712445
5 25 15.092
5 26 28.6457
5 27 18.1819
5 28 15.0499
5 29 19.1982
5 30 44.9456
5 31 7.27703
5 32 39.8969
6 17 6.68047
6 18 8.36395
6 19 4.73456
6 20 2.87088
6 21 46.7261
6 22 40.4271
6 23 1.26132
6 24 48.1133
6 25 32.45
6 26 8.50084
6 27 4.75276
6 28 43.0535
6 29 15.6966
6 30 48.3882
6 31 22.287
6 32 19.1338
7 17 30.2551
7 18 9.42341
7 19 2.04115
7 20 32.1225
7 21 28.0095
7 22 34.3863
7 23 32.8349
7 24 43.1015
7 25 13.032
7 26 1.01681
7 27 8.15146
7 28 32.2303
7 29 45.9624
7 30 15.4285
7 31 22.1271
7 32 2.64285
8 17 23.7925
8 18 26.8617
8 19 5.51373
8 20 20.5185
8 21 17.2888
8 22 6.77505
8 23 18.6318
8 24 49.7388
8 25 15.2759
8 26 23.3846
8 27 42.7922
8 28 30.9725
8 29 21.7727
8 30 15.0792
8 31 0.10621
8 32 2.02783
9 17 24.5026
9 18 2.14736
9 19 34.1503
9 20 2.51209
9 21 36.5337
9 22 16.9852
9 23 45.6136
9 24 49.5657
9 25 18.002
9 26 3.76508
9 27 31.796
9 28 13.9644
9 29 19.1936
9 30 3.92312
9 31 16.6072
9 32 42.986
10 17 30.7848
10 18 22.121
10 19 13.5045
10 20 48.0736
10 21 28.896
10 22 32.1364
10 23 47.8123
10 24 44.1719
10 25 5.52093
10 26 40.6046
10 27 25.1444
10 28 27.2937
10 29 5.68378
10 30 25.2506
10 31 29.3215
10 32 30.1864
11 17 27.3979
11 18 13.4718
11 19 32.6985
11 20 13.9317
11 21 30.457
11 22 28.3121
11 23 13.4974
11 24 48.459
11 25 32.0772
11 26 45.2934
11 27 12.4234
11 28 1.27076
11 29 49.2165
11 30 29.0307
11 31 44.2568
11 32 30.0013
12 17 1.15164
12 18 7.76134
12 19 28.0749
12 20 30.0477
12 21 39.8977
12 22 25.8872
12 23 24.2196
12 24 45.4186
12 25 16.4918
12 26 49.364
12 27 22.7123
12 28 22.1756
12 29 24.6145
12 30 2.03381
12 31 2.362
12 32 2.01248
13 17 15.5056
13 18 35.0605
13 19 15.9441
13 20 45.9626
13 21 13.3726
13 22 29.4415
13 23 44.4216
13 24 45.4498
13 25 24.7349
13 26 6.84503
13 27 46.7205
13 28 23.9514
13 29 35.8757
13 30 40.9773
13 31 3.95268
13 32 37.0273
14 17 48.7386
14 18 32.0276
14 19 17.075
14 20 38.6363
14 21 7.91482
14 22 41.2946
14 23 34.055
14 24 24.4067
14 25 40.6585
14 26 6.76728
14 27 46.5823
14 28 15.2731
14 29 8.8011
14 30 48.9443
14 31 17.2855
14 32 24.3067
15 17 34.0047
15 18 33.2297
15 19 20.2693
15 20 47.3773
15 21 12.6712
15 22 14.6909
15 23 42.8271
15 24 37.4061
15 25 21.536
15 26 39.5476
15 27 11.3575
15 28 7.41165
15 29 30.5249
15 30 15.3101
15 31 44.439
15 32 29.2635
16 17 47.3377
16 18 11.514
16 19 17.8999
16 20 5.25253
16 21 2.80852
16 22 1.95484
16 23 29.6592
16 24 43.467
16 25 8.72212
16 26 26.2414
16 27 8.7401
16 28 17.5232
16 29 25.1857
16 30 26.0257
16 31 41.8299
16 32 9.19042
34 289 10
1 18 31.7437
1 19 0.0493962
1 20 46.2852
1 21 1.23555
1 22 39.2729
1 23 33.2288
1 24 31.769
1 25 23.5467
1 26 19.9676
1 27 28.8446
1 28 15.0563
1 29 46.8627
1 30 18.6244
1 31 3.45193
1 32 44.2521
1 33 9.2942
1 34 42.2692
2 18 30.1461
2 19 34.9712
2 20 8.85983
2 21 44.139
2 22 34.4555
2 23 37.2752
2 24 20.8549
2 25 2.20003
2 26 13.0251
2 27 6.33036
2 28 8.84908
2 29 5.25224
2 30 18.5806
2 31 49.9562
2 32 36.9959
2 33 18.63
2 34 46.2414
3 18 38.2315
3 19 7.90294
3 20 29.4702
3 21 20.0005
3 22 31.4496
3 23 49.4378
3 24 48.8451
3 25 46.506
3 26 46.3005
3 27 17.4695
3 28 49.9579
3 29 40.5525
3 30 26.7637
3 31 42.2271
3 32 20.6987
3 33 11.7349
3 34 1.08692
4 18 14.8377
4 19 46.1904
4 20 38.3621
4 21 35.6925
4 22 48.3904
4 23 1.38722
4 24 42.0229
4 25 7.23952
4 26 6.63947
4 27 10.6035
4 28 7.19574
4 29 43.6354
4 30 29.2335
4 31 3.43718
4 32 31.8669
4 33 37.1364
4 34 32.9074
5 18 1.86738
5 19 18.5861
5 20 32.3452
5 21 0.712445
5 22 15.092
5 23 28.6457
5 24 18.1819
5 25 15.0499
5 26 19.1982
5 27 44.9456
5 28 7.27703
5 29 39.8969
5 30 6.68047
5 31 8.36395
5 32 4.73456
5 33 2.87088
5 34 46.7261
6 18 40.4271
6 19 1.26132
6 20 48.1133
6 21 32.45
6 22 8.50084
6 23 4.75276
6 24 43.0535
6 25 15.6966
6 26 48.3882
6 27 22.287
6 28 19.1338
6 29 30.2551
6 30 9.42341
6 31 2.04115
6 32 32.1225
6 33 28.0095
6 34 34.3863
7 18 32.8349
7 19 43.1015
7 20 13.032
7 21 1.01681
7 22 8.15146
7 23 32.2303
7 24 45.9624
7 25 15.4285
7 26 22.1271
7 27 2.64285
7 28 23.7925
7 29 26.8617
7 30 5.51373
7 31 20.5185
7 32 17.2888
7 33 6.77505
7 34 18.6318
8 18 49.7388
8 19 15.2759
8 20 23.3846
8 21 42.7922
8 22 30.9725
8 23 21.7727
8 24 15.0792
8 25 0.10621
8 26 2.02783
8 27 24.5026
8 28 2.14736
8 29 34.1503
8 30 2.51209
8 31 36.5337
8 32 16.9852
8 33 45.6136
8 34 49.5657
9 18 18.002
9 19 3.76508
9 20 31.796
9 21 13.9644
9 22 19.1936
9 23 3.92312
9 24 16.6072
9 25 42.986
9 26 30.7848
9 27 22.121
9 28 13.5045
9 29 48.0736
9 30 28.896
9 31 32.1364
9 32 47.8123
9 33 44.1719
9 34 5.52093
10 18 40.6046
10 19 25.1444
10 20 27.2937
10 21 5.68378
10 22 25.2506
10 23 29.3215
10 24 30.1864
10 25 27.3979
10 26 13.4718
10 27 32.6985
10 28 13.9317
10 29 30.457
10 30 28.3121
10 31 13.4974
10 32 48.459
10 33 32.0772
10 34 45.2934
11 18 12.4234
11 19 1.27076
11 20 49.2165
11 21 29.0307
11 22 44.2568
11 23 30.0013
11 24 1.15164
11 25 7.76134
11 26 28.0749
11 27 30.0477
11 28 39.8977
11 29 25.8872
11 30 24.2196
11 31 45.4186
11 32 16.4918
11 33 49.364
11 34 22.7123
12 18 22.1756
12 19 24.6145
12 20 2.03381
12 21 2.362
12 22 2.01248
12 23 15.5056
12 24 35.0605
12 25 15.9441
12 26 45.9626
12 27 13.3726
12 28 29.4415
12 29 44.4216
12 30 45.4498
12 31 24.7349
12 32 6.84503
12 33 46.7205
12 34 23.9514
13 18 35.8757
13 19 40.9773
13 20 3.95268
13 21 37.0273
13 22 48.7386
13 23 32.0276
13 24 17.075
13 25 38.6363
13 26 7.91482
13 27 41.2946
13 28 34.055
13 29 24.4067
13 30 40.6585
13 31 6.76728
13 32 46.5823
13 33 15.2731
13 34 8.8011
14 18 48.9443
14 19 17.2855
14 20 24.3067
14 21 34.0047
14 22 33.2297
14 23 20.2693
14 24 47.3773
14 25 12.6712
14 26 14.6909
14 27 42.8271
14 28 37.4061
14 29 21.536
14 30 39.5476
14 31 11.3575
14 32 7.41165
14 33 30.5249
14 34 15.3101
15 18 44.439
15 19 29.2635
15 20 47.3377
15 21 11.514
15 22 17.8999
15 23 5.25253
15 24 2.80852
15 25 1.95484
15 26 29.6592
15 27 43.467
15 28 8.72212
15 29 26.2414
15 30 8.7401
15 31 17.5232
15 32 25.1857
15 33 26.0257
15 34 41.8299
16 18 9.19042
16 19 9.25533
16 20 12.0992
16 21 6.56773
16 22 21.9265
16 23 26.7902
16 24 49.3948
16 25 9.3326
16 26 48.3262
16 27 38.9424
16 28 20.6901
16 29 5.7378
16 30 19.4673
16 31 36.0002
16 32 0.17677
16 33 48.7308
16 34 33.3379
17 18 11.6907
17 19 16.6307
17 20 38.5904
17 21 14.4992
17 22 18.5855
17 23 18.2496
17 24 7.96628
17 25 27.3076
17 26 44.491
17 27 16.7064
17 28 44.8309
17 29 19.6767
17 30 42.732
17 31 36.6608
17 32 28.8672
17 33 1.98737
17 34 48.76
36 324 10
1 19 31.7437
1 20 0.0493962
1 21 46.2852
1 22 1.23555
1 23 39.2729
1 24 33.2288
1 25 31.769
1 26 23.5467
1 27 19.9676
1 28 28.8446
1 29 15.0563
1 30 46.8627
1 31 18.6244
1 32 3.45193
1 33 44.2521
1 34 9.2942
1 35 42.2692
1 36 30.1461
2 19 34.9712
2 20 8.85983
2 21 44.139
2 22 34.4555
2 23 37.2752
2 24 20.8549
2 25 2.20003
2 26 13.0251
2 27 6.33036
2 28 8.84908
2 29 5.25224
2 30 18.5806
2 31 49.9562
2 32 36.9959
2 33 18.63
2 34 46.2414
2 35 38.2315
2 36 7.90294
3 19 29.4702
3 20 20.0005
3 21 31.4496
3 22 49.4378
3 23 48.8451
3 24 46.506
3 25 46.3005
3 26 17.4695
3 27 49.9579
3 28 40.5525
3 29 26.7637
3 30 42.2271
3 31 20.6987
3 32 11.7349
3 33 1.08692
3 34 14.8377
3 35 46.1904
3 36 38.3621
4 19 35.6925
4 20 48.3904
4 21 1.38722
4 22 42.0229
4 23 7.23952
4 24 6.63947
4 25 10.6035
4 26 7.19574
4 27 43.6354
4 28 29.2335
4 29 3.43718
4 30 31.8669
4 31 37.1364
4 32 32.9074
4 33 1.86738
4 34 18.5861
4 35 32.3452
4 36 0.712445
5 19 15.092
5 20 28.6457
5 21 18.1819
5 22 15.0499
5 23 19.1982
5 24 44.9456
5 25 7.27703
5 26 39.8969
5 27 6.68047
5 28 8.36395
5 29 4.73456
5 30 2.87088
5 31 46.7261
5 32 40.4271
5 33 1.26132
5 34 48.1133
5 35 32.45
5 36 8.50084
6 19 4.75276
6 20 43.0535
6 21 15.6966
6 22 48.3882
6 23 22.287
6 24 19.1338
6 25 30.2551
6 26 9.42341
6 27 2.04115
6 28 32.1225
6 29 28.0095
6 30 34.3863
6 31 32.8349
6 32 43.1015
6 33 13.032
6 34 1.01681
6 35 8.15146
6 36 32.2303
7 19 45.9624
7 20 15.4285
7 21 22.1271
7 22 2.64285
7 23 23.7925
7 24 26.8617
7 25 5.51373
7 26 20.5185
7 27 17.2888
7 28 6.77505
7 29 18.6318
7 30 49.7388
7 31 15.2759
7 32 23.3846
7 33 42.7922
7 34 30.9725
7 35 21.7727
7 36 15.0792
8 19 0.10621
8 20 2.02783
8 21 24.5026
8 22 2.14736
8 23 34.1503
8 24 2.51209
8 25 36.5337
8 26 16.9852
8 27 45.6136
8 28 49.5657
8 29 18.002
8 30 3.76508
8 31 31.796
8 32 13.9644
8 33 19.1936
8 34 3.92312
8 35 16.6072
8 36 42.986
9 19 30.7848
9 20 22.121
9 21 13.5045
9 22 48.0736
9 23 28.896
9 24 32.1364
9 25 47.8123
9 26 44.1719
9 27 5.52093
9 28 40.6046
9 29 25.1444
9 30 27.2937
9 31 5.68378
9 32 25.2506
9 33 29.3215
9 34 30.1864
9 35 27.3979
9 36 13.4718
10 19 32.6985
10 20 13.9317
10 21 30.457
10 22 28.3121
10 23 13.4974
10 24 48.459
10 25 32.0772
10 26 45.2934
10 27 12.4234
10 28 1.27076
10 29 49.2165
10 30 29.0307
10 31 44.2568
10 32 30.0013
10 33 1.15164
10 34 7.76134
10 35 28.0749
10 36 30.0477
11 19 39.8977
11 20 25.8872
11 21 24.2196
11 22 45.4186
11 23 16.4918
11 24 49.364
11 25 22.7123
11 26 22.1756
11 27 24.6145
11 28 2.03381
11 29 2.362
11 30 2.01248
11 31 15.5056
11 32 35.0605
11 33 15.9441
11 34 45.9626
11 35 13.3726
11 36 29.4415
12 19 44.4216
12 20 45.4498
12 21 24.7349
12 22 6.84503
12 23 46.7205
12 24 23.9514
12 25 35.8757
12 26 40.9773
12 27 3.95268
12 28 37.0273
12 29 48.7386
12 30 32.0276
12 31 17.075
12 32 38.6363
12 33 7.91482
12 34 41.2946
12 35 34.055
12 36 24.4067
13 19 40.6585
13 20 6.76728
13 21 46.5823
13 22 15.2731
13 23 8.8011
13 24 48.9443
13 25 17.2855
13 26 24.3067
13 27 34.0047
13 28 33.2297
13 29 20.2693
13 30 47.3773
13 31 12.6712
13 32 14.6909
13 33 42.8271
13 34 37.4061
13 35 21.536
13 36 39.5476
14 19 11.3575
14 20 7.41165
14 21 30.5249
14 22 15.3101
14 23 44.439
14 24 29.2635
14 25 47.3377
14 26 11.514
14 27 17.8999
14 28 5.25253
14 29 2.80852
14 30 1.95484
14 31 29.6592
14 32 43.467
14 33 8.72212
14 34 26.2414
14 35 8.7401
14 36 17.5232
15 19 25.1857
15 20 26.0257
15 21 41.8299
15 22 9.19042
15 23 9.25533
15 24 12.0992
15 25 6.56773
15 26 21.9265
15 27 26.7902
15 28 49.3948
15 29 9.3326
15 30 48.3262
15 31 38.9424
15 32 20.6901
15 33 5.7378
15 34 19.4673
15 35 36.0002
15 36 0.17677
16 19 48.7308
16 20 33.3379
16 21 11.6907
16 22 16.6307
16 23 38.5904
16 24 14.4992
16 25 18.5855
16 26 18.2496
16 27 7.96628
16 28 27.3076
16 29 44.491
16 30 16.7064
16 31 44.8309
16 32 19.6767
16 33 42.732
16 34 36.6608
16 35 28.8672
16 36 1.98737
17 19 48.76
17 20 35.4349
17 21 23.9139
17 22 25.5502
17 23 34.8297
17 24 33.2465
17 25 23.8764
17 26 23.7721
17 27 3.93655
17 28 29.6142
17 29 43.2393
17 30 39.9367
17 31 29.7909
17 32 41.9701
17 33 23.2746
17 34 41.4817
17 35 8.60081
17 36 11.8651
18 19 5.9809
18 20 27.1863
18 21 30.1147
18 22 13.9472
18 23 4.49396
18 24 24.6057
18 25 30.6536
18 26 49.3248
18 27 44.2824
18 28 23.3856
18 29 35.9856
18 30 23.1496
18 31 25.373
18 32 34.7456
18 33 8.5845
18 34 49.2869
18 35 10.2959
18 36 43.4142
38 361 10
1 20 31.7437
1 21 0.0493962
1 22 46.2852
1 23 1.23555
1 24 39.2729
1 25 33.2288
1 26 31.769
1 27 23.5467
1 28 19.9676
1 29 28.8446
1 30 15.0563
1 31 46.8627
1 32 18.6244
1 33 3.45193
1 34 44.2521
1 35 9.2942
1 36 42.2692
1 37 30.1461
1 38 34.9712
2 20 8.85983
2 21 44.139
2 22 34.4555
2 23 37.2752
2 24 20.8549
2 25 2.20003
2 26 13.0251
2 27 6.33036
2 28 8.84908
2 29 5.25224
2 30 18.5806
2 31 49.9562
2 32 36.9959
2 33 18.63
2 34 46.2414
2 35 38.2315
2 36 7.90294
2 37 29.4702
2 38 20.0005
3 20 31.4496
3 21 49.4378
3 22 48.8451
3 23 46.506
3 24 46.3005
3 25 17.4695
3 26 49.9579
3 27 40.5525
3 28 26.7637
3 29 42.2271
3 30 20.6987
3 31 11.7349
3 32 1.08692
3 33 14.8377
3 34 46.1904
3 35 38.3621
3 36 35.6925
3 37 48.3904
3 38 1.38722
4 20 42.0229
4 21 7.23952
4 22 6.63947
4 23 10.6035
4 24 7.19574
4 25 43.6354
4 26 29.2335
4 27 3.43718
4 28 31.8669
4 29 37.1364
4 30 32.9074
4 31 1.86738
4 32 18.5861
4 33 32.3452
4 34 0.712445
4 35 15.092
4 36 28.6457
4 37 18.1819
4 38 15.0499
5 20 19.1982
5 21 44.9456
5 22 7.27703
5 23 39.8969
5 24 6.68047
5 25 8.36395
5 26 4.73456
5 27 2.87088
5 28 46.7261
5 29 40.4271
5 30 1.26132
5 31 48.1133
5 32 32.45
5 33 8.50084
5 34 4.75276
5 35 43.0535
5 36 15.6966
5 37 48.3882
5 38 22.287
6 20 19.1338
6 21 30.2551
6 22 9.42341
6 23 2.04115
6 24 32.1225
6 25 28.0095
6 26 34.3863
6 27 32.8349
6 28 43.1015
6 29 13.032
6 30 1.01681
6 31 8.15146
6 32 32.2303
6 33 45.9624
6 34 15.4285
6 35 22.1271
6 36 2.64285
6 37 23.7925
6 38 26.8617
7 20 5.51373
7 21 20.5185
7 22 17.2888
7 23 6.77505
7 24 18.6318
7 25 49.7388
7 26 15.2759
7 27 23.3846
7 28 42.7922
7 29 30.9725
7 30 21.7727
7 31 15.0792
7 32 0.10621
7 33 2.02783
7 34 24.5026
7 35 2.14736
7 36 34.1503
7 37 2.51209
7 38 36.5337
8 20 16.9852
8 21 45.6136
8 22 49.5657
8 23 18.002
8 24 3.76508
8 25 31.796
8 26 13.9644
8 27 19.1936
8 28 3.92312
8 29 16.6072
8 30 42.986
8 31 30.7848
8 32 22.121
8 33 13.5045
8 34 48.0736
8 35 28.896
8 36 32.1364
8 37 47.8123
8 38 44.1719
9 20 5.52093
9 21 40.6046
9 22 25.1444
9 23 27.2937
9 24 5.68378
9 25 25.2506
9 26 29.3215
9 27 30.1864
9 28 27.3979
9 29 13.4718
9 30 32.6985
9 31 13.9317
9 32 30.457
9 33 28.3121
9 34 13.4974
9 35 48.459
9 36 32.0772
9 37 45.2934
9 38 12.4234
10 20 1.27076
10 21 49.2165
10 22 29.0307
10 23 44.2568
10 24 30.0013
10 25 1.15164
10 26 7.76134
10 27 28.0749
10 28 30.0477
10 29 39.8977
10 30 25.8872
10 31 24.2196
10 32 45.4186
10 33 16.4918
10 34 49.364
10 35 22.7123
10 36 22.1756
10 37 24.6145
10 38 2.03381
11 20 2.362
11 21 2.01248
11 22 15.5056
11 23 35.0605
11 24 15.9441
11 25 45.9626
11 26 13.3726
11 27 29.4415
11 28 44.4216
11 29 45.4498
11 30 24.7349
11 31 6.84503
11 32 46.7205
11 33 23.9514
11 34 35.8757
11 35 40.9773
11 36 3.95268
11 37 37.0273
11 38 48.7386
12 20 32.0276
12 21 17.075
12 22 38.6363
12 23 7.91482
12 24 41.2946
12 25 34.055
12 26 24.4067
12 27 40.6585
12 28 6.76728
12 29 46.5823
12 30 15.2731
12 31 8.8011
12 32 48.9443
12 33 17.2855
12 34 24.3067
12 35 34.0047
12 36 33.2297
12 37 20.2693
12 38 47.3773
13 20 12.6712
13 21 14.6909
13 22 42.8271
13 23 37.4061
13 24 21.536
13 25 39.5476
13 26 11.3575
13 27 7.41165
13 28 30.5249
13 29 15.3101
13 30 44.439
13 31 29.2635
13 32 47.3377
13 33 11.514
13 34 17.8999
13 35 5.25253
13 36 2.80852
13 37 1.95484
13 38 29.6592
14 20 43.467
14 21 8.72212
14 22 26.2414
14 23 8.7401
14 24 17.5232
14 25 25.1857
14 26 26.0257
14 27 41.8299
14 28 9.19042
14 29 9.25533
14 30 12.0992
14 31 6.56773
14 32 21.9265
14 33 26.7902
14 34 49.3948
14 35 9.3326
14 36 48.3262
14 37 38.9424
14 38 20.6901
15 20 5.7378
15 21 19.4673
15 22 36.0002
15 23 0.17677
15 24 48.7308
15 25 33.3379
15 26 11.6907
15 27 16.6307
15 28 38.5904
15 29 14.4992
15 30 18.5855
15 31 18.2496
15 32 7.96628
15 33 27.3076
15 34 44.491
15 35 16.7064
15 36 44.8309
15 37 19.6767
15 38 42.732
16 20 36.6608
16 21 28.8672
16 22 1.98737
16 23 48.76
16 24 35.4349
16 25 23.9139
16 26 25.5502
16 27 34.8297
16 28 33.2465
16 29 23.8764
16 30 23.7721
16 31 3.93655
16 32 29.6142
16 33 43.2393
16 34 39.9367
16 35 29.7909
16 36 41.9701
16 37 23.2746
16 38 41.4817
17 20 8.60081
17 21 11.8651
17 22 5.9809
17 23 27.1863
17 24 30.1147
17 25 13.9472
17 26 4.49396
17 27 24.6057
17 28 30.6536
17 29 49.3248
17 30 44.2824
17 31 23.3856
17 32 35.9856
17 33 23.1496
17 34 25.373
17 35 34.7456
17 36 8.5845
17 37 49.2869
17 38 10.2959
18 20 43.4142
18 21 32.5334
18 22 34.1722
18 23 17.1863
18 24 36.4699
18 25 13.7864
18 26 10.4256
18 27 26.4066
18 28 43.5773
18 29 2.39575
18 30 49.6813
18 31 35.059
18 32 10.9966
18 33 11.5463
18 34 41.0399
18 35 38.1829
18 36 41.661
18 37 4.98708
18 38 42.6768
19 20 16.2667
19 21 35.6407
19 22 42.0017
19 23 10.5492
19 24 9.02626
19 25 27.9873
19 26 33.6988
19 27 34.3992
19 28 12.7329
19 29 42.2833
19 30 33.6861
19 31 23.0288
19 32 35.6974
19 33 16.2195
19 34 7.20097
19 35 2.88371
19 36 2.68937
19 37 20.9874
19 38 13.3093
40 400 10
1 21 31.7437
1 22 0.0493962
1 23 46.2852
1 24 1.23555
1 25 39.2729
1 26 33.2288
1 27 31.769
1 28 23.5467
1 29 19.9676
1 30 28.8446
1 31 15.0563
1 32 46.8627
1 33 18.6244
1 34 3.45193
1 35 44.2521
1 36 9.2942
1 37 42.2692
1 38 30.1461
1 39 34.9712
1 40 8.85983
2 21 44.139
2 22 34.4555
2 23 37.2752
2 24 20.8549
2 25 2.20003
2 26 13.0251
2 27 6.33036
2 28 8.84908
2 29 5.25224
2 30 18.5806
2 31 49.9562
2 32 36.9959
2 33 18.63
2 34 46.2414
2 35 38.2315
2 36 7.90294
2 37 29.4702
2 38 20.0005
2 39 31.4496
2 40 49.4378
3 21 48.8451
3 22 46.506
3 23 46.3005
3 24 17.4695
3 25 49.9579
3 26 40.5525
3 27 26.7637
3 28 42.2271
3 29 20.6987
3 30 11.7349
3 31 1.08692
3 32 14.8377
3 33 46.1904
3 34 38.3621
3 35 35.6925
3 36 48.3904
3 37 1.38722
3 38 42.0229
3 39 7.23952
3 40 6.63947
4 21 10.6035
4 22 7.19574
4 23 43.6354
4 24 29.2335
4 25 3.43718
4 26 31.8669
4 27 37.1364
4 28 32.9074
4 29 1.86738
4 30 18.5861
4 31 32.3452
4 32 0.712445
4 33 15.092
4 34 28.6457
4 35 18.1819
4 36 15.0499
4 37 19.1982
4 38 44.9456
4 39 7.27703
4 40 39.8969
5 21 6.68047
5 22 8.36395
5 23 4.73456
5 24 2.87088
5 25 46.7261
5 26 40.4271
5 27 1.26132
5 28 48.1133
5 29 32.45
5 30 8.50084
5 31 4.75276
5 32 43.0535
5 33 15.6966
5 34 48.3882
5 35 22.287
5 36 19.1338
5 37 30.2551
5 38 9.42341
5 39 2.04115
5 40 32.1225
6 21 28.0095
6 22 34.3863
6 23 32.8349
6 24 43.1015
6 25 13.032
6 26 1.01681
6 27 8.15146
6 28 32.2303
6 29 45.9624
6 30 15.4285
6 31 22.1271
6 32 2.64285
6 33 23.7925
6 34 26.8617
6 35 5.51373
6 36 20.5185
6 37 17.2888
6 38 6.77505
6 39 18.6318
6 40 49.7388
7 21 15.2759
7 22 23.3846
7 23 42.7922
7 24 30.9725
7 25 21.7727
7 26 15.0792
7 27 0.10621
7 28 2.02783
7 29 24.5026
7 30 2.14736
7 31 34.1503
7 32 2.51209
7 33 36.5337
7 34 16.9852
7 35 45.6136
7 36 49.5657
7 37 18.002
7 38 3.76508
7 39 31.796
7 40 13.9644
8 21 19.1936
8 22 3.92312
8 23 16.6072
8 24 42.986
8 25 30.7848
8 26 22.121
8 27 13.5045
8 28 48.0736
8 29 28.896
8 30 32.1364
8 31 47.8123
8 32 44.1719
8 33 5.52093
8 34 40.6046
8 35 25.1444
8 36 27.2937
8 37 5.68378
8 38 25.2506
8 39 29.3215
8 40 30.1864
9 21 27.3979
9 22 13.4718
9 23 32.6985
9 24 13.9317
9 25 30.457
9 26 28.3121
9 27 13.4974
9 28 48.459
9 29 32.0772
9 30 45.2934
9 31 12.4234
9 32 1.27076
9 33 49.2165
9 34 29.0307
9 35 44.2568
9 36 30.0013
9 37 1.15164
9 38 7.76134
9 39 28.0749
9 40 30.0477
10 21 39.8977
10 22 25.8872
10 23 24.2196
10 24 45.4186
10 25 16.4918
10 26 49.364
10 27 22.7123
10 28 22.1756
10 29 24.6145
10 30 2.03381
10 31 2.362
10 32 2.01248
10 33 15.5056
10 34 35.0605
10 35 15.9441
10 36 45.9626
10 37 13.3726
10 38 29.4415
10 39 44.4216
10 40 45.4498
11 21 24.7349
11 22 6.84503
11 23 46.7205
11 24 23.9514
11 25 35.8757
11 26 40.9773
11 27 3.95268
11 28 37.0273
11 29 48.7386
11 30 32.0276
11 31 17.075
11 32 38.6363
11 33 7.91482
11 34 41.2946
11 35 34.055
11 36 24.4067
11 37 40.6585
11 38 6.76728
11 39 46.5823
11 40 15.2731
12 21 8.8011
12 22 48.9443
12 23 17.2855
12 24 24.3067
12 25 34.0047
12 26 33.2297
12 27 20.2693
12 28 47.3773
12 29 12.6712
12 30 14.6909
12 31 42.8271
12 32 37.4061
12 33 21.536
12 34 39.5476
12 35 11.3575
12 36 7.41165
12 37 30.5249
12 38 15.3101
12 39 44.439
12 40 29.2635
13 21 47.3377
13 22 11.514
13 23 17.8999
13 24 5.25253
13 25 2.80852
13 26 1.95484
13 27 29.6592
13 28 43.467
13 29 8.72212
13 30 26.2414
13 31 8.7401
13 32 17.5232
13 33 25.1857
13 34 26.0257
13 35 41.8299
13 36 9.19042
13 37 9.25533
13 38 12.0992
13 39 6.56773
13 40 21.9265
14 21 26.7902
14 22 49.3948
14 23 9.3326
14 24 48.3262
14 25 38.9424
14 26 20.6901
14 27 5.7378
14 28 19.4673
14 29 36.0002
14 30 0.17677
14 31 48.7308
14 32 33.3379
14 33 11.6907
14 34 16.6307
14 35 38.5904
14 36 14.4992
14 37 18.5855
14 38 18.2496
14 39 7.96628
14 40 27.3076
15 21 44.491
15 22 16.7064
15 23 44.8309
15 24 19.6767
15 25 42.732
15 26 36.6608
15 27 28.8672
15 28 1.98737
15 29 48.76
15 30 35.4349
15 31 23.9139
15 32 25.5502
15 33 34.8297
15 34 33.2465
15 35 23.8764
15 36 23.7721
15 37 3.93655
15 38 29.6142
15 39 43.2393
15 40 39.9367
16 21 29.7909
16 22 41.9701
16 23 23.2746
16 24 41.4817
16 25 8.60081
16 26 11.8651
16 27 5.9809
16 28 27.1863
16 29 30.1147
16 30 13.9472
16 31 4.49396
16 32 24.6057
16 33 30.6536
16 34 49.3248
16 35 44.2824
16 36 23.3856
16 37 35.9856
16 38 23.1496
16 39 25.373
16 40 34.7456
17 21 8.5845
17 22 49.2869
17 23 10.2959
17 24 43.4142
17 25 32.5334
17 26 34.1722
17 27 17.1863
17 28 36.4699
17 29 13.7864
17 30 10.4256
17 31 26.4066
17 32 43.5773
17 33 2.39575
17 34 49.6813
17 35 35.059
17 36 10.9966
17 37 11.5463
17 38 41.0399
17 39 38.1829
17 40 41.661
18 21 4.98708
18 22 42.6768
18 23 16.2667
18 24 35.6407
18 25 42.0017
18 26 10.5492
18 27 9.02626
18 28 27.9873
18 29 33.6988
18 30 34.3992
18 31 12.7329
18 32 42.2833
18 33 33.6861
18 34 23.0288
18 35 35.6974
18 36 16.2195
18 37 7.20097
18 38 2.88371
18 39 2.68937
18 40 20.9874
19 21 13.3093
19 22 29.096
19 23 14.5647
19 24 15.7051
19 25 28.7773
19 26 49.6237
19 27 26.7016
19 28 40.3236
19 29 40.6636
19 30 14.8845
19 31 31.9846
19 32 45.6507
19 33 7.56134
19 34 48.2514
19 35 31.2913
19 36 49.563
19 37 8.80051
19 38 40.3176
19 39 27.5503
19 40 42.4993
20 21 24.7168
20 22 40.2832
20 23 34.7825
20 24 8.40291
20 25 13.3119
20 26 20.48
20 27 24.6224
20 28 20.5129
20 29 23.3637
20 30 27.3117
20 31 41.5003
20 32 36.673
20 33 6.40776
20 34 6.06495
20 35 2.37806
20 36 35.1851
20 37 5.68863
20 38 29.0797
20 39 25.5087
20 40 46.3522
42 441 10
1 22 31.7437
1 23 0.0493962
1 24 46.2852
1 25 1.23555
1 26 39.2729
1 27 33.2288
1 28 31.769
1 29 23.5467
1 30 19.9676
1 31 28.8446
1 32 15.0563
1 33 46.8627
1 34 18.6244
1 35 3.45193
1 36 44.2521
1 37 9.2942
1 38 42.2692
1 39 30.1461
1 40 34.9712
1 41 8.85983
1 42 44.139
2 22 34.4555
2 23 37.2752
2 24 20.8549
2 25 2.20003
2 26 13.0251
2 27 6.33036
2 28 8.84908
2 29 5.25224
2 30 18.5806
2 31 49.9562
2 32 36.9959
2 33 18.63
2 34 46.2414
2 35 38.2315
2 36 7.90294
2 37 29.4702
2 38 20.0005
2 39 31.4496
2 40 49.4378
2 41 48.8451
2 42 46.506
3 22 46.3005
3 23 17.4695
3 24 49.9579
3 25 40.5525
3 26 26.7637
3 27 42.2271
3 28 20.6987
3 29 11.7349
3 30 1.08692
3 31 14.8377
3 32 46.1904
3 33 38.3621
3 34 35.6925
3 35 48.3904
3 36 1.38722
3 37 42.0229
3 38 7.23952
3 39 6.63947
3 40 10.6035
3 41 7.19574
3 42 43.6354
4 22 29.2335
4 23 3.43718
4 24 31.8669
4 25 37.1364
4 26 32.9074
4 27 1.86738
4 28 18.5861
4 29 32.3452
4 30 0.712445
4 31 15.092
4 32 28.6457
4 33 18.1819
4 34 15.0499
4 35 19.1982
4 36 44.9456
4 37 7.27703
4 38 39.8969
4 39 6.68047
4 40 8.36395
4 41 4.73456
4 42 2.87088
5 22 46.7261
5 23 40.4271
5 24 1.26132
5 25 48.1133
5 26 32.45
5 27 8.50084
5 28 4.75276
5 29 43.0535
5 30 15.6966
5 31 48.3882
5 32 22.287
5 33 19.1338
5 34 30.2551
5 35 9.42341
5 36 2.04115
5 37 32.1225
5 38 28.0095
5 39 34.3863
5 40 32.8349
5 41 43.1015
5 42 13.032
6 22 1.01681
6 23 8.15146
6 24 32.2303
6 25 45.9624
6 26 15.4285
6 27 22.1271
6 28 2.64285
6 29 23.7925
6 30 26.8617
6 31 5.51373
6 32 20.5185
6 33 17.2888
6 34 6.77505
6 35 18.6318
6 36 49.7388
6 37 15.2759
6 38 23.3846
6 39 42.7922
6 40 30.9725
6 41 21.7727
6 42 15.0792
7 22 0.10621
7 23 2.02783
7 24 24.5026
7 25 2.14736
7 26 34.1503
7 27 2.51209
7 28 36.5337
7 29 16.9852
7 30 45.6136
7 31 49.5657
7 32 18.002
7 33 3.76508
7 34 31.796
7 35 13.9644
7 36 19.1936
7 37 3.92312
7 38 16.6072
7 39 42.986
7 40 30.7848
7 41 22.121
7 42 13.5045
8 22 48.0736
8 23 28.896
8 24 32.1364
8 25 47.8123
8 26 44.1719
8 27 5.52093
8 28 40.6046
8 29 25.1444
8 30 27.2937
8 31 5.68378
8 32 25.2506
8 33 29.3215
8 34 30.1864
8 35 27.3979
8 36 13.4718
8 37 32.6985
8 38 13.9317
8 39 30.457
8 40 28.3121
8 41 13.4974
8 42 48.459
9 22 32.0772
9 23 45.2934
9 24 12.4234
9 25 1.27076
9 26 49.2165
9 27 29.0307
9 28 44.2568
9 29 30.0013
9 30 1.15164
9 31 7.76134
9 32 28.0749
9 33 30.0477
9 34 39.8977
9 35 25.8872
9 36 24.2196
9 37 45.4186
9 38 16.4918
9 39 49.364
9 40 22.7123
9 41 22.1756
9 42 24.6145
10 22 2.03381
10 23 2.362
10 24 2.01248
10 25 15.5056
10 26 35.0605
10 27 15.9441
10 28 45.9626
10 29 13.3726
10 30 29.4415
10 31 44.4216
10 32 45.4498
10 33 24.7349
10 34 6.84503
10 35 46.7205
10 36 23.9514
10 37 35.8757
10 38 40.9773
10 39 3.95268
10 40 37.0273
10 41 48.7386
10 42 32.0276
11 22 17.075
11 23 38.6363
11 24 7.91482
11 25 41.2946
11 26 34.055
11 27 24.4067
11 28 40.6585
11 29 6.76728
11 30 46.5823
11 31 15.2731
11 32 8.8011
11 33 48.9443
11 34 17.2855
11 35 24.3067
11 36 34.0047
11 37 33.2297
11 38 20.2693
11 39 47.3773
11 40 12.6712
11 41 14.6909
11 42 42.8271
12 22 37.4061
12 23 21.536
12 24 39.5476
12 25 11.3575
12 26 7.41165
12 27 30.5249
12 28 15.3101
12 29 44.439
12 30 29.2635
12 31 47.3377
12 32 11.514
12 33 17.8999
12 34 5.25253
12 35 2.80852
12 36 1.95484
12 37 29.6592
12 38 43.467
12 39 8.72212
12 40 26.2414
12 41 8.7401
12 42 17.5232
13 22 25.1857
13 23 26.0257
13 24 41.8299
13 25 9.19042
13 26 9.25533
13 27 12.0992
13 28 6.56773
13 29 21.9265
13 30 26.7902
13 31 49.3948
13 32 9.3326
13 33 48.3262
13 34 38.9424
13 35 20.6901
13 36 5.7378
13 37 19.4673
13 38 36.0002
13 39 0.17677
13 40 48.7308
13 41 33.3379
13 42 11.6907
14 22 16.6307
14 23 38.5904
14 24 14.4992
14 25 18.5855
14 26 18.2496
14 27 7.96628
14 28 27.3076
14 29 44.491
14 30 16.7064
14 31 44.8309
14 32 19.6767
14 33 42.732
14 34 36.6608
14 35 28.8672
14 36 1.98737
14 37 48.76
14 38 35.4349
14 39 23.9139
14 40 25.5502
14 41 34.8297
14 42 33.2465
15 22 23.8764
15 23 23.7721
15 24 3.93655
15 25 29.6142
15 26 43.2393
15 27 39.9367
15 28 29.7909
15 29 41.9701
15 30 23.2746
15 31 41.4817
15 32 8.60081
15 33 11.8651
15 34 5.9809
15 35 27.1863
15 36 30.1147
15 37 13.9472
15 38 4.49396
15 39 24.6057
15 40 30.6536
15 41 49.3248
15 42 44.2824
16 22 23.3856
16 23 35.9856
16 24 23.1496
16 25 25.373
16 26 34.7456
16 27 8.5845
16 28 49.2869
16 29 10.2959
16 30 43.4142
16 31 32.5334
16 32 34.1722
16 33 17.1863
16 34 36.4699
16 35 13.7864
16 36 10.4256
16 37 26.4066
16 38 43.5773
16 39 2.39575
16 40 49.6813
16 41 35.059
16 42 10.9966
17 22 11.5463
17 23 41.0399
17 24 38.1829
17 25 41.661
17 26 4.98708
17 27 42.6768
17 28 16.2667
17 29 35.6407
17 30 42.0017
17 31 10.5492
17 32 9.02626
17 33 27.9873
17 34 33.6988
17 35 34.3992
17 36 12.7329
17 37 42.2833
17 38 33.6861
17 39 23.0288
17 40 35.6974
17 41 16.2195
17 42 7.20097
18 22 2.88371
18 23 2.68937
18 24 20.9874
18 25 13.3093
18 26 29.096
18 27 14.5647
18 28 15.7051
18 29 28.7773
18 30 49.6237
18 31 26.7016
18 32 40.3236
18 33 40.6636
18 34 14.8845
18 35 31.9846
18 36 45.6507
18 37 7.56134
18 38 48.2514
18 39 31.2913
18 40 49.563
18 41 8.80051
18 42 40.3176
19 22 27.5503
19 23 42.4993
19 24 24.7168
19 25 40.2832
19 26 34.7825
19 27 8.40291
19 28 13.3119
19 29 20.48
19 30 24.6224
19 31 20.5129
19 32 23.3637
19 33 27.3117
19 34 41.5003
19 35 36.673
19 36 6.40776
19 37 6.06495
19 38 2.37806
19 39 35.1851
19 40 5.68863
19 41 29.0797
19 42 25.5087
20 22 46.3522
20 23 43.9642
20 24 7.49332
20 25 42.0029
20 26 1.52552
20 27 5.74467
20 28 23.2942
20 29 1.08853
20 30 14.5452
20 31 13.6117
20 32 28.6388
20 33 7.04445
20 34 38.3285
20 35 18.922
20 36 41.827
20 37 46.7314
20 38 32.2339
20 39 12.307
20 40 21.3538
20 41 2.7468
20 42 35.6706
21 22 48.6656
21 23 44.2471
21 24 22.3436
21 25 5.07331
21 26 0.312023
21 27 24.7217
21 28 40.2584
21 29 6.00066
21 30 3.80139
21 31 15.7671
21 32 2.35286
21 33 47.7656
21 34 23.2604
21 35 44.3557
21 36 49.2911
21 37 29.0051
21 38 17.6499
21 39 0.379626
21 40 43.5502
21 41 31.2616
21 42 29.0184
44 484 10
1 23 31.7437
1 24 0.0493962
1 25 46.2852
1 26 1.23555
1 27 39.2729
1 28 33.2288
1 29 31.769
1 30 23.5467
1 31 19.9676
1 32 28.8446
1 33 15.0563
1 34 46.8627
1 35 18.6244
1 36 3.45193
1 37 44.2521
1 38 9.2942
1 39 42.2692
1 40 30.1461
1 41 34.9712
1 42 8.85983
1 43 44.139
1 44 34.4555
2 23 37.2752
2 24 20.8549
2 25 2.20003
2 26 13.0251
2 27 6.33036
2 28 8.84908
2 29 5.25224
2 30 18.5806
2 31 49.9562
2 32 36.9959
2 33 18.63
2 34 46.2414
2 35 38.2315
2 36 7.90294
2 37 29.4702
2 38 20.0005
2 39 31.4496
2 40 49.4378
2 41 48.8451
2 42 46.506
2 43 46.3005
2 44 17.4695
3 23 49.9579
3 24 40.5525
3 25 26.7637
3 26 42.2271
3 27 20.6987
3 28 11.7349
3 29 1.08692
3 30 14.8377
3 31 46.1904
3 32 38.3621
3 33 35.6925
3 34 48.3904
3 35 1.38722
3 36 42.0229
3 37 7.23952
3 38 6.63947
3 39 10.6035
3 40 7.19574
3 41 43.6354
3 42 29.2335
3 43 3.43718
3 44 31.8669
4 23 37.1364
4 24 32.9074
4 25 1.86738
4 26 18.5861
4 27 32.3452
4 28 0.712445
4 29 15.092
4 30 28.6457
4 31 18.1819
4 32 15.0499
4 33 19.1982
4 34 44.9456
4 35 7.27703
4 36 39.8969
4 37 6.68047
4 38 8.36395
4 39 4.73456
4 40 2.87088
4 41 46.7261
4 42 40.4271
4 43 1.26132
4 44 48.1133
5 23 32.45
5 24 8.50084
5 25 4.75276
5 26 43.0535
5 27 15.6966
5 28 48.3882
5 29 22.287
5 30 19.1338
5 31 30.2551
5 32 9.42341
5 33 2.04115
5 34 32.1225
5 35 28.0095
5 36 34.3863
5 37 32.8349
5 38 43.1015
5 39 13.032
5 40 1.01681
5 41 8.15146
5 42 32.2303
5 43 45.9624
5 44 15.4285
6 23 22.1271
6 24 2.64285
6 25 23.7925
6 26 26.8617
6 27 5.51373
6 28 20.5185
6 29 17.2888
6 30 6.77505
6 31 18.6318
6 32 49.7388
6 33 15.2759
6 34 23.3846
6 35 42.7922
6 36 30.9725
6 37 21.7727
6 38 15.0792
6 39 0.10621
6 40 2.02783
6 41 24.5026
6 42 2.14736
6 43 34.1503
6 44 2.51209
7 23 36.5337
7 24 16.9852
7 25 45.6136
7 26 49.5657
7 27 18.002
7 28 3.76508
7 29 31.796
7 30 13.9644
7 31 19.1936
7 32 3.92312
7 33 16.6072
7 34 42.986
7 35 30.7848
7 36 22.121
7 37 13.5045
7 38 48.0736
7 39 28.896
7 40 32.1364
7 41 47.8123
7 42 44.1719
7 43 5.52093
7 44 40.6046
8 23 25.1444
8 24 27.2937
8 25 5.68378
8 26 25.2506
8 27 29.3215
8 28 30.1864
8 29 27.3979
8 30 13.4718
8 31 32.6985
8 32 13.9317
8 33 30.457
8 34 28.3121
8 35 13.4974
8 36 48.459
8 37 32.0772
8 38 45.2934
8 39 12.4234
8 40 1.27076
8 41 49.2165
8 42 29.0307
8 43 44.2568
8 44 30.0013
9 23 1.15164
9 24 7.76134
9 25 28.0749
9 26 30.0477
9 27 39.8977
9 28 25.8872
9 29 24.2196
9 30 45.4186
9 31 16.4918
9 32 49.364
9 33 22.7123
9 34 22.1756
9 35 24.6145
9 36 2.03381
9 37 2.362
9 38 2.01248
9 39 15.5056
9 40 35.0605
9 41 15.9441
9 42 45.9626
9 43 13.3726
9 44 29.4415
10 23 44.4216
10 24 45.4498
10 25 24.7349
10 26 6.84503
10 27 46.7205
10 28 23.9514
10 29 35.8757
10 30 40.9773
10 31 3.95268
10 32 37.0273
10 33 48.7386
10 34 32.0276
10 35 17.075
10 36 38.6363
10 37 7.91482
10 38 41.2946
10 39 34.055
10 40 24.4067
10 41 40.6585
10 42 6.76728
10 43 46.5823
10 44 15.2731
11 23 8.8011
11 24 48.9443
11 25 17.2855
11 26 24.3067
11 27 34.0047
11 28 33.2297
11 29 20.2693
11 30 47.3773
11 31 12.6712
11 32 14.6909
11 33 42.8271
11 34 37.4061
11 35 21.536
11 36 39.5476
11 37 11.3575
11 38 7.41165
11 39 30.5249
11 40 15.3101
11 41 44.439
11 42 29.2635
11 43 47.3377
11 44 11.514
12 23 17.8999
12 24 5.25253
12 25 2.80852
12 26 1.95484
12 27 29.6592
12 28 43.467
12 29 8.72212
12 30 26.2414
12 31 8.7401
12 32 17.5232
12 33 25.1857
12 34 26.0257
12 35 41.8299
12 36 9.19042
12 37 9.25533
12 38 12.0992
12 39 6.56773
12 40 21.9265
12 41 26.7902
12 42 49.3948
12 43 9.3326
12 44 48.3262
13 23 38.9424
13 24 20.6901
13 25 5.7378
13 26 19.4673
13 27 36.0002
13 28 0.17677
13 29 48.7308
13 30 33.3379
13 31 11.6907
13 32 16.6307
13 33 38.5904
13 34 14.4992
13 35 18.5855
13 36 18.2496
13 37 7.96628
13 38 27.3076
13 39 44.491
13 40 16.7064
13 41 44.8309
13 42 19.6767
13 43 42.732
13 44 36.6608
14 23 28.8672
14 24 1.98737
14 25 48.76
14 26 35.4349
14 27 23.9139
14 28 25.5502
14 29 34.8297
14 30 33.2465
14 31 23.8764
14 32 23.7721
14 33 3.93655
14 34 29.6142
14 35 43.2393
14 36 39.9367
14 37 29.7909
14 38 41.9701
14 39 23.2746
14 40 41.4817
14 41 8.60081
14 42 11.8651
14 43 5.9809
14 44 27.1863
15 23 30.1147
15 24 13.9472
15 25 4.49396
15 26 24.6057
15 27 30.6536
15 28 49.3248
15 29 44.2824
15 30 23.3856
15 31 35.9856
15 32 23.1496
15 33 25.373
15 34 34.7456
15 35 8.5845
15 36 49.2869
15 37 10.2959
15 38 43.4142
15 39 32.5334
15 40 34.1722
15 41 17.1863
15 42 36.4699
15 43 13.7864
15 44 10.4256
16 23 26.4066
16 24 43.5773
16 25 2.39575
16 26 49.6813
16 27 35.059
16 28 10.9966
16 29 11.5463
16 30 41.0399
16 31 38.1829
16 32 41.661
16 33 4.98708
16 34 42.6768
16 35 16.2667
16 36 35.6407
16 37 42.0017
16 38 10.5492
16 39 9.02626
16 40 27.9873
16 41 33.6988
16 42 34.3992
16 43 12.7329
16 44 42.2833
17 23 33.6861
17 24 23.0288
17 25 35.6974
17 26 16.2195
17 27 7.20097
17 28 2.88371
17 29 2.68937
17 30 20.9874
17 31 13.3093
17 32 29.096
17 33 14.5647
17 34 15.7051
17 35 28.7773
17 36 49.6237
17 37 26.7016
17 38 40.3236
17 39 40.6636
17 40 14.8845
17 41 31.9846
17 42 45.6507
17 43 7.56134
17 44 48.2514
18 23 31.2913
18 24 49.563
18 25 8.80051
18 26 40.3176
18 27 27.5503
18 28 42.4993
18 29 24.7168
18 30 40.2832
18 31 34.7825
18 32 8.40291
18 33 13.3119
18 34 20.48
18 35 24.6224
18 36 20.5129
18 37 23.3637
18 38 27.3117
18 39 41.5003
18 40 36.673
18 41 6.40776
18 42 6.06495
18 43 2.37806
18 44 35.1851
19 23 5.68863
19 24 29.0797
19 25 25.5087
19 26 46.3522
19 27 43.9642
19 28 7.49332
19 29 42.0029
19 30 1.52552
19 31 5.74467
19 32 23.2942
19 33 1.08853
19 34 14.5452
19 35 13.6117
19 36 28.6388
19 37 7.04445
19 38 38.3285
19 39 18.922
19 40 41.827
19 41 46.7314
19 42 32.2339
19 43 12.307
19 44 21.3538
20 23 2.7468
20 24 35.6706
20 25 48.6656
20 26 44.2471
20 27 22.3436
20 28 5.07331
20 29 0.312023
20 30 24.7217
20 31 40.2584
20 32 6.00066
20 33 3.80139
20 34 15.7671
20 35 2.35286
20 36 47.7656
20 37 23.2604
20 38 44.3557
20 39 49.2911
20 40 29.0051
20 41 17.6499
20 42 0.379626
20 43 43.5502
20 44 31.2616
21 23 29.0184
21 24 0.594685
21 25 19.5902
21 26 47.9404
21 27 42.4217
21 28 16.3216
21 29 30.1743
21 30 4.72862
21 31 37.6754
21 32 32.9211
21 33 40.3993
21 34 36.341
21 35 27.1682
21 36 12.7429
21 37 41.4143
21 38 27.4802
21 39 37.4646
21 40 31.6727
21 41 33.4809
21 42 41.266
21 43 47.4397
21 44 35.8337
22 23 39.0316
22 24 20.7001
22 25 30.1894
22 26 38.3227
22 27 49.7052
22 28 47.8393
22 29 38.7023
22 30 43.2554
22 31 29.1009
22 32 17.7207
22 33 43.8501
22 34 48.6911
22 35 15.6611
22 36 36.2717
22 37 15.0127
22 38 45.8354
22 39 41.0004
22 40 2.68814
22 41 28.7565
22 42 31.3996
22 43 39.0291
22 44 5.92471
46 529 10
1 24 31.7437
1 25 0.0493962
1 26 46.2852
1 27 1.23555
1 28 39.2729
1 29 33.2288
1 30 31.769
1 31 23.5467
1 32 19.9676
1 33 28.8446
1 34 15.0563
1 35 46.8627
1 36 18.6244
1 37 3.45193
1 38 44.2521
1 39 9.2942
1 40 42.2692
1 41 30.1461
1 42 34.9712
1 43 8.85983
1 44 44.139
1 45 34.4555
1 46 37.2752
2 24 20.8549
2 25 2.20003
2 26 13.0251
2 27 6.33036
2 28 8.84908
2 29 5.25224
2 30 18.5806
2 31 49.9562
2 32 36.9959
2 33 18.63
2 34 46.2414
2 35 38.2315
2 36 7.90294
2 37 29.4702
2 38 20.0005
2 39 31.4496
2 40 49.4378
2 41 48.8451
2 42 46.506
2 43 46.3005
2 44 17.4695
2 45 49.9579
2 46 40.5525
3 24 26.7637
3 25 42.2271
3 26 20.6987
3 27 11.7349
3 28 1.08692
3 29 14.8377
3 30 46.1904
3 31 38.3621
3 32 35.6925
3 33 48.3904
3 34 1.38722
3 35 42.0229
3 36 7.23952
3 37 6.63947
3 38 10.6035
3 39 7.19574
3 40 43.6354
3 41 29.2335
3 42 3.43718
3 43 31.8669
3 44 37.1364
3 45 32.9074
3 46 1.86738
4 24 18.5861
4 25 32.3452
4 26 0.712445
4 27 15.092
4 28 28.6457
4 29 18.1819
4 30 15.0499
4 31 19.1982
4 32 44.9456
4 33 7.27703
4 34 39.8969
4 35 6.68047
4 36 8.36395
4 37 4.73456
4 38 2.87088
4 39 46.7261
4 40 40.4271
4 41 1.26132
4 42 48.1133
4 43 32.45
4 44 8.50084
4 45 4.75276
4 46 43.0535
5 24 15.6966
5 25 48.3882
5 26 22.287
5 27 19.1338
5 28 30.2551
5 29 9.42341
5 30 2.04115
5 31 32.1225
5 32 28.0095
5 33 34.3863
5 34 32.8349
5 35 43.1015
5 36 13.032
5 37 1.01681
5 38 8.15146
5 39 32.2303
5 40 45.9624
5 41 15.4285
5 42 22.1271
5 43 2.64285
5 44 23.7925
5 45 26.8617
5 46 5.51373
6 24 20.5185
6 25 17.2888
6 26 6.77505
6 27 18.6318
6 28 49.7388
6 29 15.2759
6 30 23.3846
6 31 42.7922
6 32 30.9725
6 33 21.7727
6 34 15.0792
6 35 0.10621
6 36 2.02783
6 37 24.5026
6 38 2.14736
6 39 34.1503
6 40 2.51209
6 41 36.5337
6 42 16.9852
6 43 45.6136
6 44 49.5657
6 45 18.002
6 46 3.76508
7 24 31.796
7 25 13.9644
7 26 19.1936
7 27 3.92312
7 28 16.6072
7 29 42.986
7 30 30.7848
7 31 22.121
7 32 13.5045
7 33 48.0736
7 34 28.896
7 35 32.1364
7 36 47.8123
7 37 44.1719
7 38 5.52093
7 39 40.6046
7 40 25.1444
7 41 27.2937
7 42 5.68378
7 43 25.2506
7 44 29.3215
7 45 30.1864
7 46 27.3979
8 24 13.4718
8 25 32.6985
8 26 13.9317
8 27 30.457
8 28 28.3121
8 29 13.4974
8 30 48.459
8 31 32.0772
8 32 45.2934
8 33 12.4234
8 34 1.27076
8 35 49.2165
8 36 29.0307
8 37 44.2568
8 38 30.0013
8 39 1.15164
8 40 7.76134
8 41 28.0749
8 42 30.0477
8 43 39.8977
8 44 25.8872
8 45 24.2196
8 46 45.4186
9 24 16.4918
9 25 49.364
9 26 22.7123
9 27 22.1756
9 28 24.6145
9 29 2.03381
9 30 2.362
9 31 2.01248
9 32 15.5056
9 33 35.0605
9 34 15.9441
9 35 45.9626
9 36 13.3726
9 37 29.4415
9 38 44.4216
9 39 45.4498
9 40 24.7349
9 41 6.84503
9 42 46.7205
9 43 23.9514
9 44 35.8757
9 45 40.9773
9 46 3.95268
10 24 37.0273
10 25 48.7386
10 26 32.0276
10 27 17.075
10 28 38.6363
10 29 7.91482
10 30 41.2946
10 31 34.055
10 32 24.4067
10 33 40.6585
10 34 6.76728
10 35 46.5823
10 36 15.2731
10 37 8.8011
10 38 48.9443
10 39 17.2855
10 40 24.3067
10 41 34.0047
10 42 33.2297
10 43 20.2693
10 44 47.3773
10 45 12.6712
10 46 14.6909
11 24 42.8271
11 25 37.4061
11 26 21.536
11 27 39.5476
11 28 11.3575
11 29 7.41165
11 30 30.5249
11 31 15.3101
11 32 44.439
11 33 29.2635
11 34 47.3377
11 35 11.514
11 36 17.8999
11 37 5.25253
11 38 2.80852
11 39 1.95484
11 40 29.6592
11 41 43.467
11 42 8.72212
11 43 26.2414
11 44 8.7401
11 45 17.5232
11 46 25.1857
12 24 26.0257
12 25 41.8299
12 26 9.19042
12 27 9.25533
12 28 12.0992
12 29 6.56773
12 30 21.9265
12 31 26.7902
12 32 49.3948
12 33 9.3326
12 34 48.3262
12 35 38.9424
12 36 20.6901
12 37 5.7378
12 38 19.4673
12 39 36.0002
12 40 0.17677
12 41 48.7308
12 42 33.3379
12 43 11.6907
12 44 16.6307
12 45 38.5904
12 46 14.4992
13 24 18.5855
13 25 18.2496
13 26 7.96628
13 27 27.3076
13 28 44.491
13 29 16.7064
13 30 44.8309
13 31 19.6767
13 32 42.732
13 33 36.6608
13 34 28.8672
13 35 1.98737
13 36 48.76
13 37 35.4349
13 38 23.9139
13 39 25.5502
13 40 34.8297
13 41 33.2465
13 42 23.8764
13 43 23.7721
13 44 3.93655
13 45 29.6142
13 46 43.2393
14 24 39.9367
14 25 29.7909
14 26 41.9701
14 27 23.2746
14 28 41.4817
14 29 8.60081
14 30 11.8651
14 31 5.9809
14 32 27.1863
14 33 30.1147
14 34 13.9472
14 35 4.49396
14 36 24.6057
14 37 30.6536
14 38 49.3248
14 39 44.2824
14 40 23.3856
14 41 35.9856
14 42 23.1496
14 43 25.373
14 44 34.7456
14 45 8.5845
14 46 49.2869
15 24 10.2959
15 25 43.4142
15 26 32.5334
15 27 34.1722
15 28 17.1863
15 29 36.4699
15 30 13.7864
15 31 10.4256
15 32 26.4066
15 33 43.5773
15 34 2.39575
15 35 49.6813
15 36 35.059
15 37 10.9966
15 38 11.5463
15 39 41.0399
15 40 38.1829
15 41 41.661
15 42 4.98708
15 43 42.6768
15 44 16.2667
15 45 35.6407
15 46 42.0017
16 24 10.5492
16 25 9.02626
16 26 27.9873
16 27 33.6988
16 28 34.3992
16 29 12.7329
16 30 42.2833
16 31 33.6861
16 32 23.0288
16 33 35.6974
16 34 16.2195
16 35 7.20097
16 36 2.88371
16 37 2.68937
16 38 20.9874
16 39 13.3093
16 40 29.096
16 41 14.5647
16 42 15.7051
16 43 28.7773
16 44 49.6237
16 45 26.7016
16 46 40.3236
17 24 40.6636
17 25 14.8845
17 26 31.9846
17 27 45.6507
17 28 7.56134
17 29 48.2514
17 30 31.2913
17 31 49.563
17 32 8.80051
17 33 40.3176
17 34 27.5503
17 35 42.4993
17 36 24.7168
17 37 40.2832
17 38 34.7825
17 39 8.40291
17 40 13.3119
17 41 20.48
17 42 24.6224
17 43 20.5129
17 44 23.3637
17 45 27.3117
17 46 41.5003
18 24 36.673
18 25 6.40776
18 26 6.06495
18 27 2.37806
18 28 35.1851
18 29 5.68863
18 30 29.0797
18 31 25.5087
18 32 46.3522
18 33 43.9642
18 34 7.49332
18 35 42.0029
18 36 1.52552
18 37 5.74467
18 38 23.2942
18 39 1.08853
18 40 14.5452
18 41 13.6117
18 42 28.6388
18 43 7.04445
18 44 38.3285
18 45 18.922
18 46 41.827
19 24 46.7314
19 25 32.2339
19 26 12.307
19 27 21.3538
19 28 2.7468
19 29 35.6706
19 30 48.6656
19 31 44.2471
19 32 22.3436
19 33 5.07331
19 34 0.312023
19 35 24.7217
19 36 40.2584
19 37 6.00066
19 38 3.80139
19 39 15.7671
19 40 2.35286
19 41 47.7656
19 42 23.2604
19 43 44.3557
19 44 49.2911
19 45 29.0051
19 46 17.6499
20 24 0.379626
20 25 43.5502
20 26 31.2616
20 27 29.0184
20 28 0.594685
20 29 19.5902
20 30 47.9404
20 31 42.4217
20 32 16.3216
20 33 30.1743
20 34 4.72862
20 35 37.6754
20 36 32.9211
20 37 40.3993
20 38 36.341
20 39 27.1682
20 40 12.7429
20 41 41.4143
20 42 27.4802
20 43 37.4646
20 44 31.6727
20 45 33.4809
20 46 41.266
21 24 47.4397
21 25 35.8337
21 26 39.0316
21 27 20.7001
21 28 30.1894
21 29 38.3227
21 30 49.7052
21 31 47.8393
21 32 38.7023
21 33 43.2554
21 34 29.1009
21 35 17.7207
21 36 43.8501
21 37 48.6911
21 38 15.6611
21 39 36.2717
21 40 15.0127
21 41 45.8354
21 42 41.0004
21 43 2.68814
21 44 28.7565
21 45 31.3996
21 46 39.0291
22 24 5.92471
22 25 44.1425
22 26 30.4434
22 27 33.4049
22 28 31.6071
22 29 12.1161
22 30 16.8858
22 31 22.8732
22 32 9.55582
22 33 2.71948
22 34 11.9047
22 35 30.2559
22 36 32.9089
22 37 0.227419
22 38 29.9611
22 39 30.7482
22 40 38.9297
22 41 23.2165
22 42 9.84919
22 43 6.65046
22 44 17.0665
22 45 8.54029
22 46 22.3116
23 24 3.33826
23 25 23.553
23 26 18.147
23 27 44.3386
23 28 26.2411
23 29 46.9036
23 30 25.7382
23 31 15.2703
23 32 2.82827
23 33 19.8808
23 34 45.7137
23 35 36.2332
23 36 1.4879
23 37 7.82979
23 38 3.11894
23 39 24.3611
23 40 17.3856
23 41 5.83841
23 42 36.2658
23 43 47.6415
23 44 38.7473
23 45 36.4932
23 46 27.6026
48 576 10
1 25 31.7437
1 26 0.0493962
1 27 46.2852
1 28 1.23555
1 29 39.2729
1 30 33.2288
1 31 31.769
1 32 23.5467
1 33 19.9676
1 34 28.8446
1 35 15.0563
1 36 46.8627
1 37 18.6244
1 38 3.45193
1 39 44.2521
1 40 9.2942
1 41 42.2692
1 42 30.1461
1 43 34.9712
1 44 8.85983
1 45 44.139
1 46 34.4555
1 47 37.2752
1 48 20.8549
2 25 2.20003
2 26 13.0251
2 27 6.33036
2 28 8.84908
2 29 5.25224
2 30 18.5806
2 31 49.9562
2 32 36.9959
2 33 18.63
2 34 46.2414
2 35 38.2315
2 36 7.90294
2 37 29.4702
2 38 20.0005
2 39 31.4496
2 40 49.4378
2 41 48.8451
2 42 46.506
2 43 46.3005
2 44 17.4695
2 45 49.9579
2 46 40.5525
2 47 26.7637
2 48 42.2271
3 25 20.6987
3 26 11.7349
3 27 1.08692
3 28 14.8377
3 29 46.1904
3 30 38.3621
3 31 35.6925
3 32 48.3904
3 33 1.38722
3 34 42.0229
3 35 7.23952
3 36 6.63947
3 37 10.6035
3 38 7.19574
3 39 43.6354
3 40 29.2335
3 41 3.43718
3 42 31.8669
3 43 37.1364
3 44 32.9074
3 45 1.86738
3 46 18.5861
3 47 32.3452
3 48 0.712445
4 25 15.092
4 26 28.6457
4 27 18.1819
4 28 15.0499
4 29 19.1982
4 30 44.9456
4 31 7.27703
4 32 39.8969
4 33 6.68047
4 34 8.36395
4 35 4.73456
4 36 2.87088
4 37 46.7261
4 38 40.4271
4 39 1.26132
4 40 48.1133
4 41 32.45
4 42 8.50084
4 43 4.75276
4 44 43.0535
4 45 15.6966
4 46 48.3882
4 47 22.287
4 48 19.1338
5 25 30.2551
5 26 9.42341
5 27 2.04115
5 28 32.1225
5 29 28.0095
5 30 34.3863
5 31 32.8349
5 32 43.1015
5 33 13.032
5 34 1.01681
5 35 8.15146
5 36 32.2303
5 37 45.9624
5 38 15.4285
5 39 22.1271
5 40 2.64285
5 41 23.7925
5 42 26.8617
5 43 5.51373
5 44 20.5185
5 45 17.2888
5 46 6.77505
5 47 18.6318
5 48 49.7388
6 25 15.2759
6 26 23.3846
6 27 42.7922
6 28 30.9725
6 29 21.7727
6 30 15.0792
6 31 0.10621
6 32 2.02783
6 33 24.5026
6 34 2.14736
6 35 34.1503
6 36 2.51209
6 37 36.5337
6 38 16.9852
6 39 45.6136
6 40 49.5657
6 41 18.002
6 42 3.76508
6 43 31.796
6 44 13.9644
6 45 19.1936
6 46 3.92312
6 47 16.6072
6 48 42.986
7 25 30.7848
7 26 22.121
7 27 13.5045
7 28 48.0736
7 29 28.896
7 30 32.1364
7 31 47.8123
7 32 44.1719
7 33 5.52093
7 34 40.6046
7 35 25.1444
7 36 27.2937
7 37 5.68378
7 38 25.2506
7 39 29.3215
7 40 30.1864
7 41 27.3979
7 42 13.4718
7 43 32.6985
7 44 13.9317
7 45 30.457
7 46 28.3121
7 47 13.4974
7 48 48.459
8 25 32.0772
8 26 45.2934
8 27 12.4234
8 28 1.27076
8 29 49.2165
8 30 29.0307
8 31 44.2568
8 32 30.0013
8 33 1.15164
8 34 7.76134
8 35 28.0749
8 36 30.0477
8 37 39.8977
8 38 25.8872
8 39 24.2196
8 40 45.4186
8 41 16.4918
8 42 49.364
8 43 22.7123
8 44 22.1756
8 45 24.6145
8 46 2.03381
8 47 2.362
8 48 2.01248
9 25 15.5056
9 26 35.0605
9 27 15.9441
9 28 45.9626
9 29 13.3726
9 30 29.4415
9 31 44.4216
9 32 45.4498
9 33 24.7349
9 34 6.84503
9 35 46.7205
9 36 23.9514
9 37 35.8757
9 38 40.9773
9 39 3.95268
9 40 37.0273
9 41 48.7386
9 42 32.0276
9 43 17.075
9 44 38.6363
9 45 7.91482
9 46 41.2946
9 47 34.055
9 48 24.4067
10 25 40.6585
10 26 6.76728
10 27 46.5823
10 28 15.2731
10 29 8.8011
10 30 48.9443
10 31 17.2855
10 32 24.3067
10 33 34.0047
10 34 33.2297
10 35 20.2693
10 36 47.3773
10 37 12.6712
10 38 14.6909
10 39 42.8271
10 40 37.4061
10 41 21.536
10 42 39.5476
10 43 11.3575
10 44 7.41165
10 45 30.5249
10 46 15.3101
10 47 44.439
10 48 29.2635
11 25 47.3377
11 26 11.514
11 27 17.8999
11 28 5.25253
11 29 2.80852
11 30 1.95484
11 31 29.6592
11 32 43.467
11 33 8.72212
11 34 26.2414
11 35 8.7401
11 36 17.5232
11 37 25.1857
11 38 26.0257
11 39 41.8299
11 40 9.19042
11 41 9.25533
11 42 12.0992
11 43 6.56773
11 44 21.9265
11 45 26.7902
11 46 49.3948
11 47 9.3326
11 48 48.3262
12 25 38.9424
12 26 20.6901
12 27 5.7378
12 28 19.4673
12 29 36.0002
12 30 0.17677
12 31 48.7308
12 32 33.3379
12 33 11.6907
12 34 16.6307
12 35 38.5904
12 36 14.4992
12 37 18.5855
12 38 18.2496
12 39 7.96628
12 40 27.3076
12 41 44.491
12 42 16.7064
12 43 44.8309
12 44 19.6767
12 45 42.732
12 46 36.6608
12 47 28.8672
12 48 1.98737
13 25 48.76
13 26 35.4349
13 27 23.9139
13 28 25.5502
13 29 34.8297
13 30 33.2465
13 31 23.8764
13 32 23.7721
13 33 3.93655
13 34 29.6142
13 35 43.2393
13 36 39.9367
13 37 29.7909
13 38 41.9701
13 39 23.2746
13 40 41.4817
13 41 8.60081
13 42 11.8651
13 43 5.9809
13 44 27.1863
13 45 30.1147
13 46 13.9472
13 47 4.49396
13 48 24.6057
14 25 30.6536
14 26 49.3248
14 27 44.2824
14 28 23.3856
14 29 35.9856
14 30 23.1496
14 31 25.373
14 32 34.7456
14 33 8.5845
14 34 49.2869
14 35 10.2959
14 36 43.4142
14 37 32.5334
14 38 34.1722
14 39 17.1863
14 40 36.4699
14 41 13.7864
14 42 10.4256
14 43 26.4066
14 44 43.5773
14 45 2.39575
14 46 49.6813
14 47 35.059
14 48 10.9966
15 25 11.5463
15 26 41.0399
15 27 38.1829
15 28 41.661
15 29 4.98708
15 30 42.6768
15 31 16.2667
15 32 35.6407
15 33 42.0017
15 34 10.5492
15 35 9.02626
15 36 27.9873
15 37 33.6988
15 38 34.3992
15 39 12.7329
15 40 42.2833
15 41 33.6861
15 42 23.0288
15 43 35.6974
15 44 16.2195
15 45 7.20097
15 46 2.88371
15 47 2.68937
15 48 20.9874
16 25 13.3093
16 26 29.096
16 27 14.5647
16 28 15.7051
16 29 28.7773
16 30 49.6237
16 31 26.7016
16 32 40.3236
16 33 40.6636
16 34 14.8845
16 35 31.9846
16 36 45.6507
16 37 7.56134
16 38 48.2514
16 39 31.2913
16 40 49.563
16 41 8.80051
16 42 40.3176
16 43 27.5503
16 44 42.4993
16 45 24.7168
16 46 40.2832
16 47 34.7825
16 48 8.40291
17 25 13.3119
17 26 20.48
17 27 24.6224
17 28 20.5129
17 29 23.3637
17 30 27.3117
17 31 41.5003
17 32 36.673
17 33 6.40776
17 34 6.06495
17 35 2.37806
17 36 35.1851
17 37 5.68863
17 38 29.0797
17 39 25.5087
17 40 46.3522
17 41 43.9642
17 42 7.49332
17 43 42.0029
17 44 1.52552
17 45 5.74467
17 46 23.2942
17 47 1.08853
17 48 14.5452
18 25 13.6117
18 26 28.6388
18 27 7.04445
18 28 38.3285
18 29 18.922
18 30 41.827
18 31 46.7314
18 32 32.2339
18 33 12.307
18 34 21.3538
18 35 2.7468
18 36 35.6706
18 37 48.6656
18 38 44.2471
18 39 22.3436
18 40 5.07331
18 41 0.312023
18 42 24.7217
18 43 40.2584
18 44 6.00066
18 45 3.80139
18 46 15.7671
18 47 2.35286
18 48 47.7656
19 25 23.2604
19 26 44.3557
19 27 49.2911
19 28 29.0051
19 29 17.6499
19 30 0.379626
19 31 43.5502
19 32 31.2616
19 33 29.0184
19 34 0.594685
19 35 19.5902
19 36 47.9404
19 37 42.4217
19 38 16.3216
19 39 30.1743
19 40 4.72862
19 41 37.6754
19 42 32.9211
19 43 40.3993
19 44 36.341
19 45 27.1682
19 46 12.7429
19 47 41.4143
19 48 27.4802
20 25 37.4646
20 26 31.6727
20 27 33.4809
20 28 41.266
20 29 47.4397
20 30 35.8337
20 31 39.0316
20 32 20.7001
20 33 30.1894
20 34 38.3227
20 35 49.7052
20 36 47.8393
20 37 38.7023
20 38 43.2554
20 39 29.1009
20 40 17.7207
20 41 43.8501
20 42 48.6911
20 43 15.6611
20 44 36.2717
20 45 15.0127
20 46 45.8354
20 47 41.0004
20 48 2.68814
21 25 28.7565
21 26 31.3996
21 27 39.0291
21 28 5.92471
21 29 44.1425
21 30 30.4434
21 31 33.4049
21 32 31.6071
21 33 12.1161
21 34 16.8858
21 35 22.8732
21 36 9.55582
21 37 2.71948
21 38 11.9047
21 39 30.2559
21 40 32.9089
21 41 0.227419
21 42 29.9611
21 43 30.7482
21 44 38.9297
21 45 23.2165
21 46 9.84919
21 47 6.65046
21 48 17.0665
22 25 8.54029
22 26 22.3116
22 27 3.33826
22 28 23.553
22 29 18.147
22 30 44.3386
22 31 26.2411
22 32 46.9036
22 33 25.7382
22 34 15.2703
22 35 2.82827
22 36 19.8808
22 37 45.7137
22 38 36.2332
22 39 1.4879
22 40 7.82979
22 41 3.11894
22 42 24.3611
22 43 17.3856
22 44 5.83841
22 45 36.2658
22 46 47.6415
22 47 38.7473
22 48 36.4932
23 25 27.6026
23 26 19.4956
23 27 25.4229
23 28 0.819049
23 29 29.3448
23 30 32.0734
23 31 17.8856
23 32 37.885
23 33 4.38499
23 34 21.2238
23 35 11.438
23 36 22.532
23 37 15.5625
23 38 37.6792
23 39 19.4356
23 40 41.3007
23 41 2.94946
23 42 22.2639
23 43 11.1815
23 44 48.6632
23 45 8.49704
23 46 12.6694
23 47 6.49294
23 48 11.616
24 25 37.0304
24 26 23.8786
24 27 17.4544
24 28 23.2962
24 29 21.5201
24 30 6.20172
24 31 9.78941
24 32 49.1227
24 33 25.6973
24 34 35.2123
24 35 49.9417
24 36 5.04205
24 37 17.2857
24 38 17.8273
24 39 42.9271
24 40 21.6707
24 41 39.0511
24 42 4.36514
24 43 44.2028
24 44 4.61359
24 45 42.0443
24 46 13.6383
24 47 45.9143
24 48 44.9938
50 625 10
1 26 31.7437
1 27 0.0493962
1 28 46.2852
1 29 1.23555
1 30 39.2729
1 31 33.2288
1 32 31.769
1 33 23.5467
1 34 19.9676
1 35 28.8446
1 36 15.0563
1 37 46.8627
1 38 18.6244
1 39 3.45193
1 40 44.2521
1 41 9.2942
1 42 42.2692
1 43 30.1461
1 44 34.9712
1 45 8.85983
1 46 44.139
1 47 34.4555
1 48 37.2752
1 49 20.8549
1 50 2.20003
2 26 13.0251
2 27 6.33036
2 28 8.84908
2 29 5.25224
2 30 18.5806
2 31 49.9562
2 32 36.9959
2 33 18.63
2 34 46.2414
2 35 38.2315
2 36 7.90294
2 37 29.4702
2 38 20.0005
2 39 31.4496
2 40 49.4378
2 41 48.8451
2 42 46.506
2 43 46.3005
2 44 17.4695
2 45 49.9579
2 46 40.5525
2 47 26.7637
2 48 42.2271
2 49 20.6987
2 50 11.7349
3 26 1.08692
3 27 14.8377
3 28 46.1904
3 29 38.3621
3 30 35.6925
3 31 48.3904
3 32 1.38722
3 33 42.0229
3 34 7.23952
3 35 6.63947
3 36 10.6035
3 37 7.19574
3 38 43.6354
3 39 29.2335
3 40 3.43718
3 41 31.8669
3 42 37.1364
3 43 32.9074
3 44 1.86738
3 45 18.5861
3 46 32.3452
3 47 0.712445
3 48 15.092
3 49 28.6457
3 50 18.1819
4 26 15.0499
4 27 19.1982
4 28 44.9456
4 29 7.27703
4 30 39.8969
4 31 6.68047
4 32 8.36395
4 33 4.73456
4 34 2.87088
4 35 46.7261
4 36 40.4271
4 37 1.26132
4 38 48.1133
4 39 32.45
4 40 8.50084
4 41 4.75276
4 42 43.0535
4 43 15.6966
4 44 48.3882
4 45 22.287
4 46 19.1338
4 47 30.2551
4 48 9.42341
4 49 2.04115
4 50 32.1225
5 26 28.0095
5 27 34.3863
5 28 32.8349
5 29 43.1015
5 30 13.032
5 31 1.01681
5 32 8.15146
5 33 32.2303
5 34 45.9624
5 35 15.4285
5 36 22.1271
5 37 2.64285
5 38 23.7925
5 39 26.8617
5 40 5.51373
5 41 20.5185
5 42 17.2888
5 43 6.77505
5 44 18.6318
5 45 49.7388
5 46 15.2759
5 47 23.3846
5 48 42.7922
5 49 30.9725
5 50 21.7727
6 26 15.0792
6 27 0.10621
6 28 2.02783
6 29 24.5026
6 30 2.14736
6 31 34.1503
6 32 2.51209
6 33 36.5337
6 34 16.9852
6 35 45.6136
6 36 49.5657
6 37 18.002
6 38 3.76508
6 39 31.796
6 40 13.9644
6 41 19.1936
6 42 3.92312
6 43 16.6072
6 44 42.986
6 45 30.7848
6 46 22.121
6 47 13.5045
6 48 48.0736
6 49 28.896
6 50 32.1364
7 26 47.8123
7 27 44.1719
7 28 5.52093
7 29 40.6046
7 30 25.1444
7 31 27.2937
7 32 5.68378
7 33 25.2506
7 34 29.3215
7 35 30.1864
7 36 27.3979
7 37 13.4718
7 38 32.6985
7 39 13.9317
7 40 30.457
7 41 28.3121
7 42 13.4974
7 43 48.459
7 44 32.0772
7 45 45.2934
7 46 12.4234
7 47 1.27076
7 48 49.2165
7 49 29.0307
7 50 44.2568
8 26 30.0013
8 27 1.15164
8 28 7.76134
8 29 28.0749
8 30 30.0477
8 31 39.8977
8 32 25.8872
8 33 24.2196
8 34 45.4186
8 35 16.4918
8 36 49.364
8 37 22.7123
8 38 22.1756
8 39 24.6145
8 40 2.03381
8 41 2.362
8 42 2.01248
8 43 15.5056
8 44 35.0605
8 45 15.9441
8 46 45.9626
8 47 13.3726
8 48 29.4415
8 49 44.4216
8 50 45.4498
9 26 24.7349
9 27 6.84503
9 28 46.7205
9 29 23.9514
9 30 35.8757
9 31 40.9773
9 32 3.95268
9 33 37.0273
9 34 48.7386
9 35 32.0276
9 36 17.075
9 37 38.6363
9 38 7.91482
9 39 41.2946
9 40 34.055
9 41 24.4067
9 42 40.6585
9 43 6.76728
9 44 46.5823
9 45 15.2731
9 46 8.8011
9 47 48.9443
9 48 17.2855
9 49 24.3067
9 50 34.0047
10 26 33.2297
10 27 20.2693
10 28 47.3773
10 29 12.6712
10 30 14.6909
10 31 42.8271
10 32 37.4061
10 33 21.536
10 34 39.5476
10 35 11.3575
10 36 7.41165
10 37 30.5249
10 38 15.3101
10 39 44.439
10 40 29.2635
10 41 47.3377
10 42 11.514
10 43 17.8999
10 44 5.25253
10 45 2.80852
10 46 1.95484
10 47 29.6592
10 48 43.467
10 49 8.72212
10 50 26.2414
11 26 8.7401
11 27 17.5232
11 28 25.1857
11 29 26.0257
11 30 41.8299
11 31 9.19042
11 32 9.25533
11 33 12.0992
11 34 6.56773
11 35 21.9265
11 36 26.7902
11 37 49.3948
11 38 9.3326
11 39 48.3262
11 40 38.9424
11 41 20.6901
11 42 5.7378
11 43 19.4673
11 44 36.0002
11 45 0.17677
11 46 48.7308
11 47 33.3379
11 48 11.6907
11 49 16.6307
11 50 38.5904
12 26 14.4992
12 27 18.5855
12 28 18.2496
12 29 7.96628
12 30 27.3076
12 31 44.491
12 32 16.7064
12 33 44.8309
12 34 19.6767
12 35 42.732
12 36 36.6608
12 37 28.8672
12 38 1.98737
12 39 48.76
12 40 35.4349
12 41 23.9139
12 42 25.5502
12 43 34.8297
12 44 33.2465
12 45 23.8764
12 46 23.7721
12 47 3.93655
12 48 29.6142
12 49 43.2393
12 50 39.9367
13 26 29.7909
13 27 41.9701
13 28 23.2746
13 29 41.4817
13 30 8.60081
13 31 11.8651
13 32 5.9809
13 33 27.1863
13 34 30.1147
13 35 13.9472
13 36 4.49396
13 37 24.6057
13 38 30.6536
13 39 49.3248
13 40 44.2824
13 41 23.3856
13 42 35.9856
13 43 23.1496
13 44 25.373
13 45 34.7456
13 46 8.5845
13 47 49.2869
13 48 10.2959
13 49 43.4142
13 50 32.5334
14 26 34.1722
14 27 17.1863
14 28 36.4699
14 29 13.7864
14 30 10.4256
14 31 26.4066
14 32 43.5773
14 33 2.39575
14 34 49.6813
14 35 35.059
14 36 10.9966
14 37 11.5463
14 38 41.0399
14 39 38.1829
14 40 41.661
14 41 4.98708
14 42 42.6768
14 43 16.2667
14 44 35.6407
14 45 42.0017
14 46 10.5492
14 47 9.02626
14 48 27.9873
14 49 33.6988
14 50 34.3992
15 26 12.7329
15 27 42.2833
15 28 33.6861
15 29 23.0288
15 30 35.6974
15 31 16.2195
15 32 7.20097
15 33 2.88371
15 34 2.68937
15 35 20.9874
15 36 13.3093
15 37 29.096
15 38 14.5647
15 39 15.7051
15 40 28.7773
15 41 49.6237
15 42 26.7016
15 43 40.3236
15 44 40.6636
15 45 14.8845
15 46 31.9846
15 47 45.6507
15 48 7.56134
15 49 48.2514
15 50 31.2913
16 26 49.563
16 27 8.80051
16 28 40.3176
16 29 27.5503
16 30 42.4993
16 31 24.7168
16 32 40.2832
16 33 34.7825
16 34 8.40291
16 35 13.3119
16 36 20.48
16 37 24.6224
16 38 20.5129
16 39 23.3637
16 40 27.3117
16 41 41.5003
16 42 36.673
16 43 6.40776
16 44 6.06495
16 45 2.37806
16 46 35.1851
16 47 5.68863
16 48 29.0797
16 49 25.5087
16 50 46.3522
17 26 43.9642
17 27 7.49332
17 28 42.0029
17 29 1.52552
17 30 5.74467
17 31 23.2942
17 32 1.08853
17 33 14.5452
17 34 13.6117
17 35 28.6388
17 36 7.04445
17 37 38.3285
17 38 18.922
17 39 41.827
17 40 46.7314
17 41 32.2339
17 42 12.307
17 43 21.3538
17 44 2.7468
17 45 35.6706
17 46 48.6656
17 47 44.2471
17 48 22.3436
17 49 5.07331
17 50 0.312023
18 26 24.7217
18 27 40.2584
18 28 6.00066
18 29 3.80139
18 30 15.7671
18 31 2.35286
18 32 47.7656
18 33 23.2604
18 34 44.3557
18 35 49.2911
18 36 29.0051
18 37 17.6499
18 38 0.379626
18 39 43.5502
18 40 31.2616
18 41 29.0184
18 42 0.594685
18 43 19.5902
18 44 47.9404
18 45 42.4217
18 46 16.3216
18 47 30.1743
18 48 4.72862
18 49 37.6754
18 50 32.9211
19 26 40.3993
19 27 36.341
19 28 27.1682
19 29 12.7429
19 30 41.4143
19 31 27.4802
19 32 37.4646
19 33 31.6727
19 34 33.4809
19 35 41.266
19 36 47.4397
19 37 35.8337
19 38 39.0316
19 39 20.7001
19 40 30.1894
19 41 38.3227
19 42 49.7052
19 43 47.8393
19 44 38.7023
19 45 43.2554
19 46 29.1009
19 47 17.7207
19 48 43.8501
19 49 48.6911
19 50 15.6611
20 26 36.2717
20 27 15.0127
20 28 45.8354
20 29 41.0004
20 30 2.68814
20 31 28.7565
20 32 31.3996
20 33 39.0291
20 34 5.92471
20 35 44.1425
20 36 30.4434
20 37 33.4049
20 38 31.6071
20 39 12.1161
20 40 16.8858
20 41 22.8732
20 42 9.55582
20 43 2.71948
20 44 11.9047
20 45 30.2559
20 46 32.9089
20 47 0.227419
20 48 29.9611
20 49 30.7482
20 50 38.9297
21 26 23.2165
21 27 9.84919
21 28 6.65046
21 29 17.0665
21 30 8.54029
21 31 22.3116
21 32 3.33826
21 33 23.553
21 34 18.147
21 35 44.3386
21 36 26.2411
21 37 46.9036
21 38 25.7382
21 39 15.2703
21 40 2.82827
21 41 19.8808
21 42 45.7137
21 43 36.2332
21 44 1.4879
21 45 7.82979
21 46 3.11894
21 47 24.3611
21 48 17.3856
21 49 5.83841
21 50 36.2658
22 26 47.6415
22 27 38.7473
22 28 36.4932
22 29 27.6026
22 30 19.4956
22 31 25.4229
22 32 0.819049
22 33 29.3448
22 34 32.0734
22 35 17.8856
22 36 37.885
22 37 4.38499
22 38 21.2238
22 39 11.438
22 40 22.532
22 41 15.5625
22 42 37.6792
22 43 19.4356
22 44 41.3007
22 45 2.94946
22 46 22.2639
22 47 11.1815
22 48 48.6632
22 49 8.49704
22 50 12.6694
23 26 6.49294
23 27 11.616
23 28 37.0304
23 29 23.8786
23 30 17.4544
23 31 23.2962
23 32 21.5201
23 33 6.20172
23 34 9.78941
23 35 49.1227
23 36 25.6973
23 37 35.2123
23 38 49.9417
23 39 5.04205
23 40 17.2857
23 41 17.8273
23 42 42.9271
23 43 21.6707
23 44 39.0511
23 45 4.36514
23 46 44.2028
23 47 4.61359
23 48 42.0443
23 49 13.6383
23 50 45.9143
24 26 44.9938
24 27 35.9022
24 28 7.09574
24 29 43.6569
24 30 44.3992
24 31 19.7651
24 32 0.149878
24 33 6.01521
24 34 6.7955
24 35 24.0284
24 36 23.4696
24 37 30.0917
24 38 45.5485
24 39 29.6713
24 40 39.8811
24 41 44.6712
24 42 5.36862
24 43 25.0934
24 44 44.6129
24 45 10.4107
24 46 42.3792
24 47 12.4402
24 48 3.33776
24 49 14.0499
24 50 1.49133
25 26 7.7029
25 27 8.25266
25 28 6.10492
25 29 49.7472
25 30 21.891
25 31 2.01921
25 32 44.741
25 33 7.7932
25 34 9.11495
25 35 38.3979
25 36 2.19243
25 37 28.88
25 38 38.5478
25 39 8.20764
25 40 35.6755
25 41 12.5763
25 42 31.6772
25 43 15.7672
25 44 8.12476
25 45 11.3486
25 46 5.64833
25 47 2.79594
25 48 16.7172
25 49 30.7418
25 50 47.4088
0
