1 0 1
2 1 10
1 2 5.96694
3 3 10
1 2 5.96694
1 3 5.29813
2 3 2.71144
4 6 10
1 2 5.96694
1 3 5.29813
1 4 27.4858
2 3 14.1698
2 4 49.3565
3 4 31.3719
5 10 10
1 2 5.96694
1 3 5.29813
1 4 27.4858
1 5 2.71144
2 3 49.3565
2 4 28.0201
2 5 31.3719
3 4 5.02635
3 5 12.5404
4 5 34.8884
6 15 10
1 2 5.96694
1 3 5.29813
1 4 27.4858
1 5 2.71144
1 6 14.1698
2 3 28.0201
2 4 31.3719
2 5 14.79
2 6 5.02635
3 4 46.4525
3 5 34.8884
3 6 30.4223
4 5 27.2873
4 6 9.19495
5 6 21.0215
7 21 10
1 2 5.96694
1 3 5.29813
1 4 27.4858
1 5 2.71144
1 6 14.1698
1 7 49.3565
2 3 31.3719
2 4 14.79
2 5 5.02635
2 6 12.5404
2 7 46.4525
3 4 30.4223
3 5 16.1866
3 6 27.2873
3 7 9.19495
4 5 21.0215
4 6 16.8598
4 7 18.0838
5 6 45.8574
5 7 15.1482
6 7 7.02521
8 28 10
1 2 5.96694
1 3 5.29813
1 4 27.4858
1 5 2.71144
1 6 14.1698
1 7 49.3565
1 8 28.0201
2 3 14.79
2 4 5.02635
2 5 12.5404
2 6 46.4525
2 7 34.8884
2 8 30.4223
3 4 27.2873
3 5 9.19495
3 6 38.2348
3 7 21.0215
3 8 16.8598
4 5 42.3978
4 6 45.8574
4 7 15.1482
4 8 1.0853
5 6 17.8875
5 7 8.10764
5 8 5.84676
6 7 27.2046
6 8 11.8137
7 8 4.69042
9 36 10
1 2 5.96694
1 3 5.29813
1 4 27.4858
1 5 2.71144
1 6 14.1698
1 7 49.3565
1 8 28.0201
1 9 31.3719
2 3 5.02635
2 4 12.5404
2 5 46.4525
2 6 34.8884
2 7 30.4223
2 8 16.1866
2 9 27.2873
3 4 38.2348
3 5 21.0215
3 6 16.8598
3 7 18.0838
3 8 42.3978
3 9 45.8574
4 5 1.0853
4 6 7.02521
4 7 17.8875
4 8 8.10764
4 9 5.84676
5 6 27.2046
5 7 11.8137
5 8 49.159
5 9 4.69042
6 7 13.3287
6 8 4.0469
6 9 42.5452
7 8 18.8369
7 9 47.5716
8 9 15.2894
10 45 10
1 2 5.96694
1 3 5.29813
1 4 27.4858
1 5 2.71144
1 6 14.1698
1 7 49.3565
1 8 28.0201
1 9 31.3719
1 10 14.79
2 3 12.5404
2 4 46.4525
2 5 34.8884
2 6 30.4223
2 7 16.1866
2 8 27.2873
2 9 9.19495
2 10 38.2348
3 4 16.8598
3 5 18.0838
3 6 42.3978
3 7 45.8574
3 8 15.1482
3 9 1.0853
3 10 7.02521
4 5 8.10764
4 6 5.84676
4 7 43.8608
4 8 27.2046
4 9 11.8137
4 10 49.159
5 6 14.5251
5 7 13.3287
5 8 4.0469
5 9 42.5452
5 10 44.7006
6 7 47.5716
6 8 7.24098
6 9 15.2894
6 10 32.46
7 8 31.476
7 9 9.74734
7 10 46.8582
8 9 30.7688
8 10 13.718
9 10 23.1667
11 55 10
1 2 5.96694
1 3 5.29813
1 4 27.4858
1 5 2.71144
1 6 14.1698
1 7 49.3565
1 8 28.0201
1 9 31.3719
1 10 14.79
1 11 5.02635
2 3 46.4525
2 4 34.8884
2 5 30.4223
2 6 16.1866
2 7 27.2873
2 8 9.19495
2 9 38.2348
2 10 21.0215
2 11 16.8598
3 4 42.3978
3 5 45.8574
3 6 15.1482
3 7 1.0853
3 8 7.02521
3 9 17.8875
3 10 8.10764
3 11 5.84676
4 5 27.2046
4 6 11.8137
4 7 49.159
4 8 4.69042
4 9 14.5251
4 10 13.3287
4 11 4.0469
5 6 44.7006
5 7 18.8369
5 8 47.5716
5 9 7.24098
5 10 15.2894
5 11 32.46
6 7 31.476
6 8 9.74734
6 9 46.8582
6 10 19.7108
6 11 30.7688
7 8 37.7946
7 9 23.1667
7 10 9.57539
7 11 2.94285
8 9 16.6006
8 10 20.8303
8 11 32.3596
9 10 14.6911
9 11 9.56423
10 11 13.8501
12 66 10
1 2 5.96694
1 3 5.29813
1 4 27.4858
1 5 2.71144
1 6 14.1698
1 7 49.3565
1 8 28.0201
1 9 31.3719
1 10 14.79
1 11 5.02635
1 12 12.5404
2 3 34.8884
2 4 30.4223
2 5 16.1866
2 6 27.2873
2 7 9.19495
2 8 38.2348
2 9 21.0215
2 10 16.8598
2 11 18.0838
2 12 42.3978
3 4 15.1482
3 5 1.0853
3 6 7.02521
3 7 17.8875
3 8 8.10764
3 9 5.84676
3 10 43.8608
3 11 27.2046
3 12 11.8137
4 5 4.69042
4 6 14.5251
4 7 13.3287
4 8 4.0469
4 9 42.5452
4 10 44.7006
4 11 18.8369
4 12 47.5716
5 6 15.2894
5 7 32.46
5 8 37.6633
5 9 31.476
5 10 9.74734
5 11 46.8582
5 12 19.7108
6 7 13.718
6 8 37.7946
6 9 23.1667
6 10 9.57539
6 11 2.94285
6 12 24.252
7 8 20.8303
7 9 32.3596
7 10 22.4474
7 11 14.6911
7 12 9.56423
8 9 13.8501
8 10 14.2546
8 11 48.7862
8 12 27.1788
9 10 41.3314
9 11 21.8794
9 12 37.1384
10 11 29.1204
10 12 2.42782
11 12 16.7836
13 78 10
1 2 5.96694
1 3 5.29813
1 4 27.4858
1 5 2.71144
1 6 14.1698
1 7 49.3565
1 8 28.0201
1 9 31.3719
1 10 14.79
1 11 5.02635
1 12 12.5404
1 13 46.4525
2 3 30.4223
2 4 16.1866
2 5 27.2873
2 6 9.19495
2 7 38.2348
2 8 21.0215
2 9 16.8598
2 10 18.0838
2 11 42.3978
2 12 45.8574
2 13 15.1482
3 4 7.02521
3 5 17.8875
3 6 8.10764
3 7 5.84676
3 8 43.8608
3 9 27.2046
3 10 11.8137
3 11 49.159
3 12 4.69042
3 13 14.5251
4 5 4.0469
4 6 42.5452
4 7 44.7006
4 8 18.8369
4 9 47.5716
4 10 7.24098
4 11 15.2894
4 12 32.46
4 13 37.6633
5 6 9.74734
5 7 46.8582
5 8 19.7108
5 9 30.7688
5 10 13.718
5 11 37.7946
5 12 23.1667
5 13 9.57539
6 7 24.252
6 8 16.6006
6 9 20.8303
6 10 32.3596
6 11 22.4474
6 12 14.6911
6 13 9.56423
7 8 13.8501
7 9 14.2546
7 10 48.7862
7 11 27.1788
7 12 18.3015
7 13 41.3314
8 9 37.1384
8 10 38.903
8 11 29.1204
8 12 2.42782
8 13 21.363
9 10 33.9038
9 11 31.1103
9 12 13.6419
9 13 3.61467
10 11 27.3599
10 12 41.4093
10 13 35.0458
11 12 44.3522
11 13 9.2978
12 13 15.1825
14 91 10
1 2 5.96694
1 3 5.29813
1 4 27.4858
1 5 2.71144
1 6 14.1698
1 7 49.3565
1 8 28.0201
1 9 31.3719
1 10 14.79
1 11 5.02635
1 12 12.5404
1 13 46.4525
1 14 34.8884
2 3 16.1866
2 4 27.2873
2 5 9.19495
2 6 38.2348
2 7 21.0215
2 8 16.8598
2 9 18.0838
2 10 42.3978
2 11 45.8574
2 12 15.1482
2 13 1.0853
2 14 7.02521
3 4 8.10764
3 5 5.84676
3 6 43.8608
3 7 27.2046
3 8 11.8137
3 9 49.159
3 10 4.69042
3 11 14.5251
3 12 13.3287
3 13 4.0469
3 14 42.5452
4 5 18.8369
4 6 47.5716
4 7 7.24098
4 8 15.2894
4 9 32.46
4 10 37.6633
4 11 31.476
4 12 9.74734
4 13 46.8582
4 14 19.7108
5 6 13.718
5 7 37.7946
5 8 23.1667
5 9 9.57539
5 10 2.94285
5 11 24.252
5 12 16.6006
5 13 20.8303
5 14 32.3596
6 7 14.6911
6 8 9.56423
6 9 34.2611
6 10 13.8501
6 11 14.2546
6 12 48.7862
6 13 27.1788
6 14 18.3015
7 8 21.8794
7 9 37.1384
7 10 38.903
7 11 29.1204
7 12 2.42782
7 13 21.363
7 14 16.7836
8 9 31.1103
8 10 13.6419
8 11 3.61467
8 12 11.8792
8 13 27.3599
8 14 41.4093
9 10 36.9353
9 11 44.3522
9 12 9.2978
9 13 3.53589
9 14 15.1825
10 11 25.9832
10 12 29.8736
10 13 1.22164
10 14 10.2443
11 12 15.4763
11 13 9.03049
11 14 20.9025
12 13 0.361892
12 14 42.7819
13 14 39.2649
15 105 10
1 2 5.96694
1 3 5.29813
1 4 27.4858
1 5 2.71144
1 6 14.1698
1 7 49.3565
1 8 28.0201
1 9 31.3719
1 10 14.79
1 11 5.02635
1 12 12.5404
1 13 46.4525
1 14 34.8884
1 15 30.4223
2 3 27.2873
2 4 9.19495
2 5 38.2348
2 6 21.0215
2 7 16.8598
2 8 18.0838
2 9 42.3978
2 10 45.8574
2 11 15.1482
2 12 1.0853
2 13 7.02521
2 14 17.8875
2 15 8.10764
3 4 43.8608
3 5 27.2046
3 6 11.8137
3 7 49.159
3 8 4.69042
3 9 14.5251
3 10 13.3287
3 11 4.0469
3 12 42.5452
3 13 44.7006
3 14 18.8369
3 15 47.5716
4 5 15.2894
4 6 32.46
4 7 37.6633
4 8 31.476
4 9 9.74734
4 10 46.8582
4 11 19.7108
4 12 30.7688
4 13 13.718
4 14 37.7946
4 15 23.1667
5 6 2.94285
5 7 24.252
5 8 16.6006
5 9 20.8303
5 10 32.3596
5 11 22.4474
5 12 14.6911
5 13 9.56423
5 14 34.2611
5 15 13.8501
6 7 48.7862
6 8 27.1788
6 9 18.3015
6 10 41.3314
6 11 21.8794
6 12 37.1384
6 13 38.903
6 14 29.1204
6 15 2.42782
7 8 16.7836
7 9 33.9038
7 10 31.1103
7 11 13.6419
7 12 3.61467
7 13 11.8792
7 14 27.3599
7 15 41.4093
8 9 36.9353
8 10 44.3522
8 11 9.2978
8 12 3.53589
8 13 15.1825
8 14 41.6574
8 15 25.9832
9 10 1.22164
9 11 10.2443
9 12 43.7237
9 13 15.4763
9 14 9.03049
9 15 20.9025
10 11 0.361892
10 12 42.7819
10 13 20.9163
10 14 39.2649
10 15 21.9022
11 12 10.6279
11 13 38.6859
11 14 7.24792
11 15 41.7382
12 13 10.8626
12 14 3.61735
12 15 29.6877
13 14 38.6632
13 15 16.623
14 15 47.961
16 120 10
1 2 5.96694
1 3 5.29813
1 4 27.4858
1 5 2.71144
1 6 14.1698
1 7 49.3565
1 8 28.0201
1 9 31.3719
1 10 14.79
1 11 5.02635
1 12 12.5404
1 13 46.4525
1 14 34.8884
1 15 30.4223
1 16 16.1866
2 3 9.19495
2 4 38.2348
2 5 21.0215
2 6 16.8598
2 7 18.0838
2 8 42.3978
2 9 45.8574
2 10 15.1482
2 11 1.0853
2 12 7.02521
2 13 17.8875
2 14 8.10764
2 15 5.84676
2 16 43.8608
3 4 11.8137
3 5 49.159
3 6 4.69042
3 7 14.5251
3 8 13.3287
3 9 4.0469
3 10 42.5452
3 11 44.7006
3 12 18.8369
3 13 47.5716
3 14 7.24098
3 15 15.2894
3 16 32.46
4 5 31.476
4 6 9.74734
4 7 46.8582
4 8 19.7108
4 9 30.7688
4 10 13.718
4 11 37.7946
4 12 23.1667
4 13 9.57539
4 14 2.94285
4 15 24.252
4 16 16.6006
5 6 32.3596
5 7 22.4474
5 8 14.6911
5 9 9.56423
5 10 34.2611
5 11 13.8501
5 12 14.2546
5 13 48.7862
5 14 27.1788
5 15 18.3015
5 16 41.3314
6 7 37.1384
6 8 38.903
6 9 29.1204
6 10 2.42782
6 11 21.363
6 12 16.7836
6 13 33.9038
6 14 31.1103
6 15 13.6419
6 16 3.61467
7 8 27.3599
7 9 41.4093
7 10 35.0458
7 11 36.9353
7 12 44.3522
7 13 9.2978
7 14 3.53589
7 15 15.1825
7 16 41.6574
8 9 29.8736
8 10 1.22164
8 11 10.2443
8 12 43.7237
8 13 15.4763
8 14 9.03049
8 15 20.9025
8 16 33.7778
9 10 42.7819
9 11 20.9163
9 12 39.2649
9 13 21.9022
9 14 23.3441
9 15 10.6279
9 16 38.6859
10 11 41.7382
10 12 2.32775
10 13 10.8626
10 14 3.61735
10 15 29.6877
10 16 2.27189
11 12 16.623
11 13 46.6241
11 14 47.961
11 15 20.1588
11 16 11.8065
12 13 46.1421
12 14 41.6801
12 15 40.84
12 16 6.3864
13 14 6.31633
13 15 15.4169
13 16 6.30629
14 15 15.7788
14 16 49.0882
15 16 5.04365
17 136 10
1 2 5.96694
1 3 5.29813
1 4 27.4858
1 5 2.71144
1 6 14.1698
1 7 49.3565
1 8 28.0201
1 9 31.3719
1 10 14.79
1 11 5.02635
1 12 12.5404
1 13 46.4525
1 14 34.8884
1 15 30.4223
1 16 16.1866
1 17 27.2873
2 3 38.2348
2 4 21.0215
2 5 16.8598
2 6 18.0838
2 7 42.3978
2 8 45.8574
2 9 15.1482
2 10 1.0853
2 11 7.02521
2 12 17.8875
2 13 8.10764
2 14 5.84676
2 15 43.8608
2 16 27.2046
2 17 11.8137
3 4 4.69042
3 5 14.5251
3 6 13.3287
3 7 4.0469
3 8 42.5452
3 9 44.7006
3 10 18.8369
3 11 47.5716
3 12 7.24098
3 13 15.2894
3 14 32.46
3 15 37.6633
3 16 31.476
3 17 9.74734
4 5 19.7108
4 6 30.7688
4 7 13.718
4 8 37.7946
4 9 23.1667
4 10 9.57539
4 11 2.94285
4 12 24.252
4 13 16.6006
4 14 20.8303
4 15 32.3596
4 16 22.4474
4 17 14.6911
5 6 34.2611
5 7 13.8501
5 8 14.2546
5 9 48.7862
5 10 27.1788
5 11 18.3015
5 12 41.3314
5 13 21.8794
5 14 37.1384
5 15 38.903
5 16 29.1204
5 17 2.42782
6 7 16.7836
6 8 33.9038
6 9 31.1103
6 10 13.6419
6 11 3.61467
6 12 11.8792
6 13 27.3599
6 14 41.4093
6 15 35.0458
6 16 36.9353
6 17 44.3522
7 8 3.53589
7 9 15.1825
7 10 41.6574
7 11 25.9832
7 12 29.8736
7 13 1.22164
7 14 10.2443
7 15 43.7237
7 16 15.4763
7 17 9.03049
8 9 33.7778
8 10 0.361892
8 11 42.7819
8 12 20.9163
8 13 39.2649
8 14 21.9022
8 15 23.3441
8 16 10.6279
8 17 38.6859
9 10 41.7382
9 11 2.32775
9 12 10.8626
9 13 3.61735
9 14 29.6877
9 15 2.27189
9 16 38.6632
9 17 16.623
10 11 47.961
10 12 20.1588
10 13 11.8065
10 14 39.6184
10 15 46.1421
10 16 41.6801
10 17 40.84
11 12 35.4038
11 13 6.31633
11 14 15.4169
11 15 6.30629
11 16 40.0942
11 17 15.7788
12 13 11.0104
12 14 5.04365
12 15 20.9904
12 16 34.3545
12 17 15.6715
13 14 41.6024
13 15 7.40968
13 16 12.004
13 17 2.46503
14 15 41.6917
14 16 4.73693
14 17 49.6902
15 16 1.36098
15 17 47.6512
16 17 13.1675
18 153 10
1 2 5.96694
1 3 5.29813
1 4 27.4858
1 5 2.71144
1 6 14.1698
1 7 49.3565
1 8 28.0201
1 9 31.3719
1 10 14.79
1 11 5.02635
1 12 12.5404
1 13 46.4525
1 14 34.8884
1 15 30.4223
1 16 16.1866
1 17 27.2873
1 18 9.19495
2 3 21.0215
2 4 16.8598
2 5 18.0838
2 6 42.3978
2 7 45.8574
2 8 15.1482
2 9 1.0853
2 10 7.02521
2 11 17.8875
2 12 8.10764
2 13 5.84676
2 14 43.8608
2 15 27.2046
2 16 11.8137
2 17 49.159
2 18 4.69042
3 4 13.3287
3 5 4.0469
3 6 42.5452
3 7 44.7006
3 8 18.8369
3 9 47.5716
3 10 7.24098
3 11 15.2894
3 12 32.46
3 13 37.6633
3 14 31.476
3 15 9.74734
3 16 46.8582
3 17 19.7108
3 18 30.7688
4 5 37.7946
4 6 23.1667
4 7 9.57539
4 8 2.94285
4 9 24.252
4 10 16.6006
4 11 20.8303
4 12 32.3596
4 13 22.4474
4 14 14.6911
4 15 9.56423
4 16 34.2611
4 17 13.8501
4 18 14.2546
5 6 27.1788
5 7 18.3015
5 8 41.3314
5 9 21.8794
5 10 37.1384
5 11 38.903
5 12 29.1204
5 13 2.42782
5 14 21.363
5 15 16.7836
5 16 33.9038
5 17 31.1103
5 18 13.6419
6 7 11.8792
6 8 27.3599
6 9 41.4093
6 10 35.0458
6 11 36.9353
6 12 44.3522
6 13 9.2978
6 14 3.53589
6 15 15.1825
6 16 41.6574
6 17 25.9832
6 18 29.8736
7 8 10.2443
7 9 43.7237
7 10 15.4763
7 11 9.03049
7 12 20.9025
7 13 33.7778
7 14 0.361892
7 15 42.7819
7 16 20.9163
7 17 39.2649
7 18 21.9022
8 9 10.6279
8 10 38.6859
8 11 7.24792
8 12 41.7382
8 13 2.32775
8 14 10.8626
8 15 3.61735
8 16 29.6877
8 17 2.27189
8 18 38.6632
9 10 46.6241
9 11 47.961
9 12 20.1588
9 13 11.8065
9 14 39.6184
9 15 46.1421
9 16 41.6801
9 17 40.84
9 18 6.3864
10 11 6.31633
10 12 15.4169
10 13 6.30629
10 14 40.0942
10 15 15.7788
10 16 49.0882
10 17 11.0104
10 18 5.04365
11 12 34.3545
11 13 15.6715
11 14 9.67629
11 15 41.6024
11 16 7.40968
11 17 12.004
11 18 2.46503
12 13 41.6917
12 14 4.73693
12 15 49.6902
12 16 8.31465
12 17 1.36098
12 18 47.6512
13 14 13.1675
13 15 37.2696
13 16 24.6156
13 17 4.84762
13 18 28.1096
14 15 40.2514
14 16 34.426
14 17 46.4189
14 18 46.5577
15 16 12.1977
15 17 45.6459
15 18 35.5305
16 17 16.6363
16 18 19.8851
17 18 26.3126
19 171 10
1 2 5.96694
1 3 5.29813
1 4 27.4858
1 5 2.71144
1 6 14.1698
1 7 49.3565
1 8 28.0201
1 9 31.3719
1 10 14.79
1 11 5.02635
1 12 12.5404
1 13 46.4525
1 14 34.8884
1 15 30.4223
1 16 16.1866
1 17 27.2873
1 18 9.19495
1 19 38.2348
2 3 16.8598
2 4 18.0838
2 5 42.3978
2 6 45.8574
2 7 15.1482
2 8 1.0853
2 9 7.02521
2 10 17.8875
2 11 8.10764
2 12 5.84676
2 13 43.8608
2 14 27.2046
2 15 11.8137
2 16 49.159
2 17 4.69042
2 18 14.5251
2 19 13.3287
3 4 42.5452
3 5 44.7006
3 6 18.8369
3 7 47.5716
3 8 7.24098
3 9 15.2894
3 10 32.46
3 11 37.6633
3 12 31.476
3 13 9.74734
3 14 46.8582
3 15 19.7108
3 16 30.7688
3 17 13.718
3 18 37.7946
3 19 23.1667
4 5 2.94285
4 6 24.252
4 7 16.6006
4 8 20.8303
4 9 32.3596
4 10 22.4474
4 11 14.6911
4 12 9.56423
4 13 34.2611
4 14 13.8501
4 15 14.2546
4 16 48.7862
4 17 27.1788
4 18 18.3015
4 19 41.3314
5 6 37.1384
5 7 38.903
5 8 29.1204
5 9 2.42782
5 10 21.363
5 11 16.7836
5 12 33.9038
5 13 31.1103
5 14 13.6419
5 15 3.61467
5 16 11.8792
5 17 27.3599
5 18 41.4093
5 19 35.0458
6 7 44.3522
6 8 9.2978
6 9 3.53589
6 10 15.1825
6 11 41.6574
6 12 25.9832
6 13 29.8736
6 14 1.22164
6 15 10.2443
6 16 43.7237
6 17 15.4763
6 18 9.03049
6 19 20.9025
7 8 0.361892
7 9 42.7819
7 10 20.9163
7 11 39.2649
7 12 21.9022
7 13 23.3441
7 14 10.6279
7 15 38.6859
7 16 7.24792
7 17 41.7382
7 18 2.32775
7 19 10.8626
8 9 29.6877
8 10 2.27189
8 11 38.6632
8 12 16.623
8 13 46.6241
8 14 47.961
8 15 20.1588
8 16 11.8065
8 17 39.6184
8 18 46.1421
8 19 41.6801
9 10 6.3864
9 11 35.4038
9 12 6.31633
9 13 15.4169
9 14 6.30629
9 15 40.0942
9 16 15.7788
9 17 49.0882
9 18 11.0104
9 19 5.04365
10 11 34.3545
10 12 15.6715
10 13 9.67629
10 14 41.6024
10 15 7.40968
10 16 12.004
10 17 2.46503
10 18 11.027
10 19 41.6917
11 12 49.6902
11 13 8.31465
11 14 1.36098
11 15 47.6512
11 16 28.4735
11 17 13.1675
11 18 37.2696
11 19 24.6156
12 13 28.1096
12 14 31.002
12 15 40.2514
12 16 34.426
12 17 46.4189
12 18 46.5577
12 19 24.5201
13 14 45.6459
13 15 35.5305
13 16 17.2413
13 17 16.6363
13 18 19.8851
13 19 32.9128
14 15 11.4875
14 16 40.3225
14 17 38.3166
14 18 13.9525
14 19 1.34951
15 16 18.6895
15 17 1.03972
15 18 38.323
15 19 20.0505
16 17 16.7965
16 18 33.2179
16 19 35.9605
17 18 38.0656
17 19 14.0702
18 19 28.317
20 190 10
1 2 5.96694
1 3 5.29813
1 4 27.4858
1 5 2.71144
1 6 14.1698
1 7 49.3565
1 8 28.0201
1 9 31.3719
1 10 14.79
1 11 5.02635
1 12 12.5404
1 13 46.4525
1 14 34.8884
1 15 30.4223
1 16 16.1866
1 17 27.2873
1 18 9.19495
1 19 38.2348
1 20 21.0215
2 3 18.0838
2 4 42.3978
2 5 45.8574
2 6 15.1482
2 7 1.0853
2 8 7.02521
2 9 17.8875
2 10 8.10764
2 11 5.84676
2 12 43.8608
2 13 27.2046
2 14 11.8137
2 15 49.159
2 16 4.69042
2 17 14.5251
2 18 13.3287
2 19 4.0469
2 20 42.5452
3 4 18.8369
3 5 47.5716
3 6 7.24098
3 7 15.2894
3 8 32.46
3 9 37.6633
3 10 31.476
3 11 9.74734
3 12 46.8582
3 13 19.7108
3 14 30.7688
3 15 13.718
3 16 37.7946
3 17 23.1667
3 18 9.57539
3 19 2.94285
3 20 24.252
4 5 20.8303
4 6 32.3596
4 7 22.4474
4 8 14.6911
4 9 9.56423
4 10 34.2611
4 11 13.8501
4 12 14.2546
4 13 48.7862
4 14 27.1788
4 15 18.3015
4 16 41.3314
4 17 21.8794
4 18 37.1384
4 19 38.903
4 20 29.1204
5 6 21.363
5 7 16.7836
5 8 33.9038
5 9 31.1103
5 10 13.6419
5 11 3.61467
5 12 11.8792
5 13 27.3599
5 14 41.4093
5 15 35.0458
5 16 36.9353
5 17 44.3522
5 18 9.2978
5 19 3.53589
5 20 15.1825
6 7 25.9832
6 8 29.8736
6 9 1.22164
6 10 10.2443
6 11 43.7237
6 12 15.4763
6 13 9.03049
6 14 20.9025
6 15 33.7778
6 16 0.361892
6 17 42.7819
6 18 20.9163
6 19 39.2649
6 20 21.9022
7 8 10.6279
7 9 38.6859
7 10 7.24792
7 11 41.7382
7 12 2.32775
7 13 10.8626
7 14 3.61735
7 15 29.6877
7 16 2.27189
7 17 38.6632
7 18 16.623
7 19 46.6241
7 20 47.961
8 9 11.8065
8 10 39.6184
8 11 46.1421
8 12 41.6801
8 13 40.84
8 14 6.3864
8 15 35.4038
8 16 6.31633
8 17 15.4169
8 18 6.30629
8 19 40.0942
8 20 15.7788
9 10 11.0104
9 11 5.04365
9 12 20.9904
9 13 34.3545
9 14 15.6715
9 15 9.67629
9 16 41.6024
9 17 7.40968
9 18 12.004
9 19 2.46503
9 20 11.027
10 11 4.73693
10 12 49.6902
10 13 8.31465
10 14 1.36098
10 15 47.6512
10 16 28.4735
10 17 13.1675
10 18 37.2696
10 19 24.6156
10 20 4.84762
11 12 31.002
11 13 40.2514
11 14 34.426
11 15 46.4189
11 16 46.5577
11 17 24.5201
11 18 12.1977
11 19 45.6459
11 20 35.5305
12 13 16.6363
12 14 19.8851
12 15 32.9128
12 16 26.3126
12 17 11.4875
12 18 40.3225
12 19 38.3166
12 20 13.9525
13 14 30.0083
13 15 18.6895
13 16 1.03972
13 17 38.323
13 18 20.0505
13 19 48.6909
13 20 16.7965
14 15 35.9605
14 16 41.4121
14 17 38.0656
14 18 14.0702
14 19 22.4141
14 20 28.317
15 16 18.833
15 17 24.8747
15 18 23.0162
15 19 31.0306
15 20 20.5206
16 17 48.2719
16 18 37.1568
16 19 28.4319
16 20 31.1847
17 18 39.9194
17 19 21.5072
17 20 1.78604
18 19 22.8567
18 20 31.7944
19 20 23.8964
21 210 10
1 2 5.96694
1 3 5.29813
1 4 27.4858
1 5 2.71144
1 6 14.1698
1 7 49.3565
1 8 28.0201
1 9 31.3719
1 10 14.79
1 11 5.02635
1 12 12.5404
1 13 46.4525
1 14 34.8884
1 15 30.4223
1 16 16.1866
1 17 27.2873
1 18 9.19495
1 19 38.2348
1 20 21.0215
1 21 16.8598
2 3 42.3978
2 4 45.8574
2 5 15.1482
2 6 1.0853
2 7 7.02521
2 8 17.8875
2 9 8.10764
2 10 5.84676
2 11 43.8608
2 12 27.2046
2 13 11.8137
2 14 49.159
2 15 4.69042
2 16 14.5251
2 17 13.3287
2 18 4.0469
2 19 42.5452
2 20 44.7006
2 21 18.8369
3 4 7.24098
3 5 15.2894
3 6 32.46
3 7 37.6633
3 8 31.476
3 9 9.74734
3 10 46.8582
3 11 19.7108
3 12 30.7688
3 13 13.718
3 14 37.7946
3 15 23.1667
3 16 9.57539
3 17 2.94285
3 18 24.252
3 19 16.6006
3 20 20.8303
3 21 32.3596
4 5 14.6911
4 6 9.56423
4 7 34.2611
4 8 13.8501
4 9 14.2546
4 10 48.7862
4 11 27.1788
4 12 18.3015
4 13 41.3314
4 14 21.8794
4 15 37.1384
4 16 38.903
4 17 29.1204
4 18 2.42782
4 19 21.363
4 20 16.7836
4 21 33.9038
5 6 13.6419
5 7 3.61467
5 8 11.8792
5 9 27.3599
5 10 41.4093
5 11 35.0458
5 12 36.9353
5 13 44.3522
5 14 9.2978
5 15 3.53589
5 16 15.1825
5 17 41.6574
5 18 25.9832
5 19 29.8736
5 20 1.22164
5 21 10.2443
6 7 15.4763
6 8 9.03049
6 9 20.9025
6 10 33.7778
6 11 0.361892
6 12 42.7819
6 13 20.9163
6 14 39.2649
6 15 21.9022
6 16 23.3441
6 17 10.6279
6 18 38.6859
6 19 7.24792
6 20 41.7382
6 21 2.32775
7 8 3.61735
7 9 29.6877
7 10 2.27189
7 11 38.6632
7 12 16.623
7 13 46.6241
7 14 47.961
7 15 20.1588
7 16 11.8065
7 17 39.6184
7 18 46.1421
7 19 41.6801
7 20 40.84
7 21 6.3864
8 9 6.31633
8 10 15.4169
8 11 6.30629
8 12 40.0942
8 13 15.7788
8 14 49.0882
8 15 11.0104
8 16 5.04365
8 17 20.9904
8 18 34.3545
8 19 15.6715
8 20 9.67629
8 21 41.6024
9 10 12.004
9 11 2.46503
9 12 11.027
9 13 41.6917
9 14 4.73693
9 15 49.6902
9 16 8.31465
9 17 1.36098
9 18 47.6512
9 19 28.4735
9 20 13.1675
9 21 37.2696
10 11 4.84762
10 12 28.1096
10 13 31.002
10 14 40.2514
10 15 34.426
10 16 46.4189
10 17 46.5577
10 18 24.5201
10 19 12.1977
10 20 45.6459
10 21 35.5305
11 12 16.6363
11 13 19.8851
11 14 32.9128
11 15 26.3126
11 16 11.4875
11 17 40.3225
11 18 38.3166
11 19 13.9525
11 20 1.34951
11 21 30.0083
12 13 1.03972
12 14 38.323
12 15 20.0505
12 16 48.6909
12 17 16.7965
12 18 33.2179
12 19 35.9605
12 20 41.4121
12 21 38.0656
13 14 22.4141
13 15 28.317
13 16 48.4961
13 17 18.833
13 18 24.8747
13 19 23.0162
13 20 31.0306
13 21 20.5206
14 15 48.2719
14 16 37.1568
14 17 28.4319
14 18 31.1847
14 19 13.4694
14 20 39.9194
14 21 21.5072
15 16 3.87194
15 17 22.8567
15 18 31.7944
15 19 22.5614
15 20 23.8964
15 21 20.1173
16 17 22.5873
16 18 36.9138
16 19 25.8298
16 20 8.54785
16 21 28.3259
17 18 22.618
17 19 0.739958
17 20 42.2124
17 21 21.1141
18 19 17.087
18 20 44.1304
18 21 0.603516
19 20 2.67718
19 21 48.8754
20 21 31.1091
0
1 0 1
2 1 10
1 2 42.0861
3 3 10
1 2 42.0861
1 3 33.7581
2 3 19.6666
4 6 10
1 2 42.0861
1 3 33.7581
1 4 44.1931
2 3 29.4347
2 4 47.7019
3 4 24.2437
5 10 10
1 2 42.0861
1 3 33.7581
1 4 44.1931
1 5 19.6666
2 3 47.7019
2 4 43.0315
2 5 24.2437
3 4 28.0212
3 5 5.31138
4 5 21.6021
6 15 10
1 2 42.0861
1 3 33.7581
1 4 44.1931
1 5 19.6666
1 6 29.4347
2 3 43.0315
2 4 24.2437
2 5 42.6183
2 6 28.0212
3 4 23.3633
3 5 21.6021
3 6 38.275
4 5 19.779
4 6 19.0598
5 6 38.8631
7 21 10
1 2 42.0861
1 3 33.7581
1 4 44.1931
1 5 19.6666
1 6 29.4347
1 7 47.7019
2 3 24.2437
2 4 42.6183
2 5 28.0212
2 6 5.31138
2 7 23.3633
3 4 38.275
3 5 37.7256
3 6 19.779
3 7 19.0598
4 5 38.8631
4 6 32.6727
4 7 30.4109
5 6 20.4841
5 7 0.851066
6 7 16.898
8 28 10
1 2 42.0861
1 3 33.7581
1 4 44.1931
1 5 19.6666
1 6 29.4347
1 7 47.7019
1 8 43.0315
2 3 42.6183
2 4 28.0212
2 5 5.31138
2 6 23.3633
2 7 21.6021
2 8 38.275
3 4 19.779
3 5 19.0598
3 6 39.6662
3 7 38.8631
3 8 32.6727
4 5 17.3661
4 6 20.4841
4 7 0.851066
4 8 47.5698
5 6 31.6631
5 7 1.60388
5 8 41.3808
6 7 30.6545
6 8 33.4669
7 8 24.8476
9 36 10
1 2 42.0861
1 3 33.7581
1 4 44.1931
1 5 19.6666
1 6 29.4347
1 7 47.7019
1 8 43.0315
1 9 24.2437
2 3 28.0212
2 4 5.31138
2 5 23.3633
2 6 21.6021
2 7 38.275
2 8 37.7256
2 9 19.779
3 4 39.6662
3 5 38.8631
3 6 32.6727
3 7 30.4109
3 8 17.3661
3 9 20.4841
4 5 47.5698
4 6 16.898
4 7 31.6631
4 8 1.60388
4 9 41.3808
5 6 30.6545
5 7 33.4669
5 8 15.2581
5 9 24.8476
6 7 44.6928
6 8 22.5495
6 9 46.165
7 8 15.1678
7 9 24.1862
8 9 38.5311
10 45 10
1 2 42.0861
1 3 33.7581
1 4 44.1931
1 5 19.6666
1 6 29.4347
1 7 47.7019
1 8 43.0315
1 9 24.2437
1 10 42.6183
2 3 5.31138
2 4 23.3633
2 5 21.6021
2 6 38.275
2 7 37.7256
2 8 19.779
2 9 19.0598
2 10 39.6662
3 4 32.6727
3 5 30.4109
3 6 17.3661
3 7 20.4841
3 8 0.851066
3 9 47.5698
3 10 16.898
4 5 1.60388
4 6 41.3808
4 7 31.5
4 8 30.6545
4 9 33.4669
4 10 15.2581
5 6 3.13358
5 7 44.6928
5 8 22.5495
5 9 46.165
5 10 18.9365
6 7 24.1862
6 8 24.2479
6 9 38.5311
6 10 45.7884
7 8 26.2567
7 9 15.5674
7 10 31.5827
8 9 4.4305
8 10 14.2555
9 10 21.7966
11 55 10
1 2 42.0861
1 3 33.7581
1 4 44.1931
1 5 19.6666
1 6 29.4347
1 7 47.7019
1 8 43.0315
1 9 24.2437
1 10 42.6183
1 11 28.0212
2 3 23.3633
2 4 21.6021
2 5 38.275
2 6 37.7256
2 7 19.779
2 8 19.0598
2 9 39.6662
2 10 38.8631
2 11 32.6727
3 4 17.3661
3 5 20.4841
3 6 0.851066
3 7 47.5698
3 8 16.898
3 9 31.6631
3 10 1.60388
3 11 41.3808
4 5 30.6545
4 6 33.4669
4 7 15.2581
4 8 24.8476
4 9 3.13358
4 10 44.6928
4 11 22.5495
5 6 18.9365
5 7 15.1678
5 8 24.1862
5 9 24.2479
5 10 38.5311
5 11 45.7884
6 7 26.2567
6 8 15.5674
6 9 31.5827
6 10 15.9229
6 11 4.4305
7 8 46.3338
7 9 21.7966
7 10 34.7396
7 11 47.1849
8 9 1.6376
8 10 28.848
8 11 20.9703
9 10 10.348
9 11 1.62477
10 11 25.6061
12 66 10
1 2 42.0861
1 3 33.7581
1 4 44.1931
1 5 19.6666
1 6 29.4347
1 7 47.7019
1 8 43.0315
1 9 24.2437
1 10 42.6183
1 11 28.0212
1 12 5.31138
2 3 21.6021
2 4 38.275
2 5 37.7256
2 6 19.779
2 7 19.0598
2 8 39.6662
2 9 38.8631
2 10 32.6727
2 11 30.4109
2 12 17.3661
3 4 0.851066
3 5 47.5698
3 6 16.898
3 7 31.6631
3 8 1.60388
3 9 41.3808
3 10 31.5
3 11 30.6545
3 12 33.4669
4 5 24.8476
4 6 3.13358
4 7 44.6928
4 8 22.5495
4 9 46.165
4 10 18.9365
4 11 15.1678
4 12 24.1862
5 6 38.5311
5 7 45.7884
5 8 12.523
5 9 26.2567
5 10 15.5674
5 11 31.5827
5 12 15.9229
6 7 14.2555
6 8 46.3338
6 9 21.7966
6 10 34.7396
6 11 47.1849
6 12 19.3664
7 8 28.848
7 9 20.9703
7 10 43.0184
7 11 10.348
7 12 1.62477
8 9 25.6061
8 10 26.4724
8 11 29.6189
8 12 20.2989
9 10 25.784
9 11 39.2354
9 12 14.1897
10 11 13.4834
10 12 2.72072
11 12 26.0063
13 78 10
1 2 42.0861
1 3 33.7581
1 4 44.1931
1 5 19.6666
1 6 29.4347
1 7 47.7019
1 8 43.0315
1 9 24.2437
1 10 42.6183
1 11 28.0212
1 12 5.31138
1 13 23.3633
2 3 38.275
2 4 37.7256
2 5 19.779
2 6 19.0598
2 7 39.6662
2 8 38.8631
2 9 32.6727
2 10 30.4109
2 11 17.3661
2 12 20.4841
2 13 0.851066
3 4 16.898
3 5 31.6631
3 6 1.60388
3 7 41.3808
3 8 31.5
3 9 30.6545
3 10 33.4669
3 11 15.2581
3 12 24.8476
3 13 3.13358
4 5 22.5495
4 6 46.165
4 7 18.9365
4 8 15.1678
4 9 24.1862
4 10 24.2479
4 11 38.5311
4 12 45.7884
4 13 12.523
5 6 15.5674
5 7 31.5827
5 8 15.9229
5 9 4.4305
5 10 14.2555
5 11 46.3338
5 12 21.7966
5 13 34.7396
6 7 19.3664
6 8 1.6376
6 9 28.848
6 10 20.9703
6 11 43.0184
6 12 10.348
6 13 1.62477
7 8 25.6061
7 9 26.4724
7 10 29.6189
7 11 20.2989
7 12 49.0219
7 13 25.784
8 9 14.1897
8 10 49.9702
8 11 13.4834
8 12 2.72072
8 13 45.7586
9 10 28.9774
9 11 11.3259
9 12 7.58904
9 13 44.9003
10 11 21.8445
10 12 41.2341
10 13 37.553
11 12 38.419
11 13 6.91939
12 13 17.267
14 91 10
1 2 42.0861
1 3 33.7581
1 4 44.1931
1 5 19.6666
1 6 29.4347
1 7 47.7019
1 8 43.0315
1 9 24.2437
1 10 42.6183
1 11 28.0212
1 12 5.31138
1 13 23.3633
1 14 21.6021
2 3 37.7256
2 4 19.779
2 5 19.0598
2 6 39.6662
2 7 38.8631
2 8 32.6727
2 9 30.4109
2 10 17.3661
2 11 20.4841
2 12 0.851066
2 13 47.5698
2 14 16.898
3 4 1.60388
3 5 41.3808
3 6 31.5
3 7 30.6545
3 8 33.4669
3 9 15.2581
3 10 24.8476
3 11 3.13358
3 12 44.6928
3 13 22.5495
3 14 46.165
4 5 15.1678
4 6 24.1862
4 7 24.2479
4 8 38.5311
4 9 45.7884
4 10 12.523
4 11 26.2567
4 12 15.5674
4 13 31.5827
4 14 15.9229
5 6 14.2555
5 7 46.3338
5 8 21.7966
5 9 34.7396
5 10 47.1849
5 11 19.3664
5 12 1.6376
5 13 28.848
5 14 20.9703
6 7 10.348
6 8 1.62477
6 9 26.4853
6 10 25.6061
6 11 26.4724
6 12 29.6189
6 13 20.2989
6 14 49.0219
7 8 39.2354
7 9 14.1897
7 10 49.9702
7 11 13.4834
7 12 2.72072
7 13 45.7586
7 14 26.0063
8 9 11.3259
8 10 7.58904
8 11 44.9003
8 12 15.7564
8 13 21.8445
8 14 41.2341
9 10 6.58412
9 11 38.419
9 12 6.91939
9 13 8.22171
9 14 17.267
10 11 1.24011
10 12 27.615
10 13 29.5144
10 14 27.7255
11 12 5.98678
11 13 7.34437
11 14 23.5199
12 13 33.1283
12 14 12.7553
13 14 33.0985
15 105 10
1 2 42.0861
1 3 33.7581
1 4 44.1931
1 5 19.6666
1 6 29.4347
1 7 47.7019
1 8 43.0315
1 9 24.2437
1 10 42.6183
1 11 28.0212
1 12 5.31138
1 13 23.3633
1 14 21.6021
1 15 38.275
2 3 19.779
2 4 19.0598
2 5 39.6662
2 6 38.8631
2 7 32.6727
2 8 30.4109
2 9 17.3661
2 10 20.4841
2 11 0.851066
2 12 47.5698
2 13 16.898
2 14 31.6631
2 15 1.60388
3 4 31.5
3 5 30.6545
3 6 33.4669
3 7 15.2581
3 8 24.8476
3 9 3.13358
3 10 44.6928
3 11 22.5495
3 12 46.165
3 13 18.9365
3 14 15.1678
3 15 24.1862
4 5 38.5311
4 6 45.7884
4 7 12.523
4 8 26.2567
4 9 15.5674
4 10 31.5827
4 11 15.9229
4 12 4.4305
4 13 14.2555
4 14 46.3338
4 15 21.7966
5 6 47.1849
5 7 19.3664
5 8 1.6376
5 9 28.848
5 10 20.9703
5 11 43.0184
5 12 10.348
5 13 1.62477
5 14 26.4853
5 15 25.6061
6 7 29.6189
6 8 20.2989
6 9 49.0219
6 10 25.784
6 11 39.2354
6 12 14.1897
6 13 49.9702
6 14 13.4834
6 15 2.72072
7 8 26.0063
7 9 28.9774
7 10 11.3259
7 11 7.58904
7 12 44.9003
7 13 15.7564
7 14 21.8445
7 15 41.2341
8 9 6.58412
8 10 38.419
8 11 6.91939
8 12 8.22171
8 13 17.267
8 14 27.8897
8 15 1.24011
9 10 29.5144
9 11 27.7255
9 12 3.22102
9 13 5.98678
9 14 7.34437
9 15 23.5199
10 11 33.1283
10 12 12.7553
10 13 19.1983
10 14 33.0985
10 15 26.2387
11 12 28.8571
11 13 2.24502
11 14 0.896444
11 15 40.183
12 13 45.7968
12 14 5.93942
12 15 31.6786
13 14 43.4924
13 15 38.2627
14 15 0.41181
16 120 10
1 2 42.0861
1 3 33.7581
1 4 44.1931
1 5 19.6666
1 6 29.4347
1 7 47.7019
1 8 43.0315
1 9 24.2437
1 10 42.6183
1 11 28.0212
1 12 5.31138
1 13 23.3633
1 14 21.6021
1 15 38.275
1 16 37.7256
2 3 19.0598
2 4 39.6662
2 5 38.8631
2 6 32.6727
2 7 30.4109
2 8 17.3661
2 9 20.4841
2 10 0.851066
2 11 47.5698
2 12 16.898
2 13 31.6631
2 14 1.60388
2 15 41.3808
2 16 31.5
3 4 33.4669
3 5 15.2581
3 6 24.8476
3 7 3.13358
3 8 44.6928
3 9 22.5495
3 10 46.165
3 11 18.9365
3 12 15.1678
3 13 24.1862
3 14 24.2479
3 15 38.5311
3 16 45.7884
4 5 26.2567
4 6 15.5674
4 7 31.5827
4 8 15.9229
4 9 4.4305
4 10 14.2555
4 11 46.3338
4 12 21.7966
4 13 34.7396
4 14 47.1849
4 15 19.3664
4 16 1.6376
5 6 20.9703
5 7 43.0184
5 8 10.348
5 9 1.62477
5 10 26.4853
5 11 25.6061
5 12 26.4724
5 13 29.6189
5 14 20.2989
5 15 49.0219
5 16 25.784
6 7 14.1897
6 8 49.9702
6 9 13.4834
6 10 2.72072
6 11 45.7586
6 12 26.0063
6 13 28.9774
6 14 11.3259
6 15 7.58904
6 16 44.9003
7 8 21.8445
7 9 41.2341
7 10 37.553
7 11 6.58412
7 12 38.419
7 13 6.91939
7 14 8.22171
7 15 17.267
7 16 27.8897
8 9 27.615
8 10 29.5144
8 11 27.7255
8 12 3.22102
8 13 5.98678
8 14 7.34437
8 15 23.5199
8 16 5.00864
9 10 12.7553
9 11 19.1983
9 12 33.0985
9 13 26.2387
9 14 21.919
9 15 28.8571
9 16 2.24502
10 11 40.183
10 12 9.83406
10 13 45.7968
10 14 5.93942
10 15 31.6786
10 16 37.0309
11 12 38.2627
11 13 25.45
11 14 0.41181
11 15 46.4844
11 16 42.717
12 13 47.7245
12 14 20.3319
12 15 7.8159
12 16 25.45
13 14 13.8027
13 15 32.7943
13 16 47.0728
14 15 15.9227
14 16 9.82819
15 16 49.0212
17 136 10
1 2 42.0861
1 3 33.7581
1 4 44.1931
1 5 19.6666
1 6 29.4347
1 7 47.7019
1 8 43.0315
1 9 24.2437
1 10 42.6183
1 11 28.0212
1 12 5.31138
1 13 23.3633
1 14 21.6021
1 15 38.275
1 16 37.7256
1 17 19.779
2 3 39.6662
2 4 38.8631
2 5 32.6727
2 6 30.4109
2 7 17.3661
2 8 20.4841
2 9 0.851066
2 10 47.5698
2 11 16.898
2 12 31.6631
2 13 1.60388
2 14 41.3808
2 15 31.5
2 16 30.6545
2 17 33.4669
3 4 24.8476
3 5 3.13358
3 6 44.6928
3 7 22.5495
3 8 46.165
3 9 18.9365
3 10 15.1678
3 11 24.1862
3 12 24.2479
3 13 38.5311
3 14 45.7884
3 15 12.523
3 16 26.2567
3 17 15.5674
4 5 15.9229
4 6 4.4305
4 7 14.2555
4 8 46.3338
4 9 21.7966
4 10 34.7396
4 11 47.1849
4 12 19.3664
4 13 1.6376
4 14 28.848
4 15 20.9703
4 16 43.0184
4 17 10.348
5 6 26.4853
5 7 25.6061
5 8 26.4724
5 9 29.6189
5 10 20.2989
5 11 49.0219
5 12 25.784
5 13 39.2354
5 14 14.1897
5 15 49.9702
5 16 13.4834
5 17 2.72072
6 7 26.0063
6 8 28.9774
6 9 11.3259
6 10 7.58904
6 11 44.9003
6 12 15.7564
6 13 21.8445
6 14 41.2341
6 15 37.553
6 16 6.58412
6 17 38.419
7 8 8.22171
7 9 17.267
7 10 27.8897
7 11 1.24011
7 12 27.615
7 13 29.5144
7 14 27.7255
7 15 3.22102
7 16 5.98678
7 17 7.34437
8 9 5.00864
8 10 33.1283
8 11 12.7553
8 12 19.1983
8 13 33.0985
8 14 26.2387
8 15 21.919
8 16 28.8571
8 17 2.24502
9 10 40.183
9 11 9.83406
9 12 45.7968
9 13 5.93942
9 14 31.6786
9 15 37.0309
9 16 43.4924
9 17 38.2627
10 11 0.41181
10 12 46.4844
10 13 42.717
10 14 28.3015
10 15 47.7245
10 16 20.3319
10 17 7.8159
11 12 23.5529
11 13 13.8027
11 14 32.7943
11 15 47.0728
11 16 18.8113
11 17 15.9227
12 13 38.0096
12 14 49.0212
12 15 36.0669
12 16 9.92864
12 17 27.8783
13 14 10.8251
13 15 18.0613
13 16 48.146
13 17 6.62187
14 15 29.8245
14 16 43.6528
14 17 17.4931
15 16 19.1028
15 17 17.9049
16 17 11.8197
18 153 10
1 2 42.0861
1 3 33.7581
1 4 44.1931
1 5 19.6666
1 6 29.4347
1 7 47.7019
1 8 43.0315
1 9 24.2437
1 10 42.6183
1 11 28.0212
1 12 5.31138
1 13 23.3633
1 14 21.6021
1 15 38.275
1 16 37.7256
1 17 19.779
1 18 19.0598
2 3 38.8631
2 4 32.6727
2 5 30.4109
2 6 17.3661
2 7 20.4841
2 8 0.851066
2 9 47.5698
2 10 16.898
2 11 31.6631
2 12 1.60388
2 13 41.3808
2 14 31.5
2 15 30.6545
2 16 33.4669
2 17 15.2581
2 18 24.8476
3 4 44.6928
3 5 22.5495
3 6 46.165
3 7 18.9365
3 8 15.1678
3 9 24.1862
3 10 24.2479
3 11 38.5311
3 12 45.7884
3 13 12.523
3 14 26.2567
3 15 15.5674
3 16 31.5827
3 17 15.9229
3 18 4.4305
4 5 46.3338
4 6 21.7966
4 7 34.7396
4 8 47.1849
4 9 19.3664
4 10 1.6376
4 11 28.848
4 12 20.9703
4 13 43.0184
4 14 10.348
4 15 1.62477
4 16 26.4853
4 17 25.6061
4 18 26.4724
5 6 20.2989
5 7 49.0219
5 8 25.784
5 9 39.2354
5 10 14.1897
5 11 49.9702
5 12 13.4834
5 13 2.72072
5 14 45.7586
5 15 26.0063
5 16 28.9774
5 17 11.3259
5 18 7.58904
6 7 15.7564
6 8 21.8445
6 9 41.2341
6 10 37.553
6 11 6.58412
6 12 38.419
6 13 6.91939
6 14 8.22171
6 15 17.267
6 16 27.8897
6 17 1.24011
6 18 27.615
7 8 27.7255
7 9 3.22102
7 10 5.98678
7 11 7.34437
7 12 23.5199
7 13 5.00864
7 14 33.1283
7 15 12.7553
7 16 19.1983
7 17 33.0985
7 18 26.2387
8 9 28.8571
8 10 2.24502
8 11 0.896444
8 12 40.183
8 13 9.83406
8 14 45.7968
8 15 5.93942
8 16 31.6786
8 17 37.0309
8 18 43.4924
9 10 25.45
9 11 0.41181
9 12 46.4844
9 13 42.717
9 14 28.3015
9 15 47.7245
9 16 20.3319
9 17 7.8159
9 18 25.45
10 11 13.8027
10 12 32.7943
10 13 47.0728
10 14 18.8113
10 15 15.9227
10 16 9.82819
10 17 38.0096
10 18 49.0212
11 12 9.92864
11 13 27.8783
11 14 38.3119
11 15 10.8251
11 16 18.0613
11 17 48.146
11 18 6.62187
12 13 29.8245
12 14 43.6528
12 15 17.4931
12 16 18.0872
12 17 19.1028
12 18 17.9049
13 14 11.8197
13 15 46.2064
13 16 12.2962
13 17 32.1516
13 18 4.02231
14 15 5.70458
14 16 17.825
14 17 20.5405
14 18 2.77742
15 16 36.4631
15 17 12.6056
15 18 24.6459
16 17 48.6725
16 18 34.5746
17 18 36.9844
19 171 10
1 2 42.0861
1 3 33.7581
1 4 44.1931
1 5 19.6666
1 6 29.4347
1 7 47.7019
1 8 43.0315
1 9 24.2437
1 10 42.6183
1 11 28.0212
1 12 5.31138
1 13 23.3633
1 14 21.6021
1 15 38.275
1 16 37.7256
1 17 19.779
1 18 19.0598
1 19 39.6662
2 3 32.6727
2 4 30.4109
2 5 17.3661
2 6 20.4841
2 7 0.851066
2 8 47.5698
2 9 16.898
2 10 31.6631
2 11 1.60388
2 12 41.3808
2 13 31.5
2 14 30.6545
2 15 33.4669
2 16 15.2581
2 17 24.8476
2 18 3.13358
2 19 44.6928
3 4 46.165
3 5 18.9365
3 6 15.1678
3 7 24.1862
3 8 24.2479
3 9 38.5311
3 10 45.7884
3 11 12.523
3 12 26.2567
3 13 15.5674
3 14 31.5827
3 15 15.9229
3 16 4.4305
3 17 14.2555
3 18 46.3338
3 19 21.7966
4 5 47.1849
4 6 19.3664
4 7 1.6376
4 8 28.848
4 9 20.9703
4 10 43.0184
4 11 10.348
4 12 1.62477
4 13 26.4853
4 14 25.6061
4 15 26.4724
4 16 29.6189
4 17 20.2989
4 18 49.0219
4 19 25.784
5 6 14.1897
5 7 49.9702
5 8 13.4834
5 9 2.72072
5 10 45.7586
5 11 26.0063
5 12 28.9774
5 13 11.3259
5 14 7.58904
5 15 44.9003
5 16 15.7564
5 17 21.8445
5 18 41.2341
5 19 37.553
6 7 38.419
6 8 6.91939
6 9 8.22171
6 10 17.267
6 11 27.8897
6 12 1.24011
6 13 27.615
6 14 29.5144
6 15 27.7255
6 16 3.22102
6 17 5.98678
6 18 7.34437
6 19 23.5199
7 8 33.1283
7 9 12.7553
7 10 19.1983
7 11 33.0985
7 12 26.2387
7 13 21.919
7 14 28.8571
7 15 2.24502
7 16 0.896444
7 17 40.183
7 18 9.83406
7 19 45.7968
8 9 31.6786
8 10 37.0309
8 11 43.4924
8 12 38.2627
8 13 25.45
8 14 0.41181
8 15 46.4844
8 16 42.717
8 17 28.3015
8 18 47.7245
8 19 20.3319
9 10 25.45
9 11 23.5529
9 12 13.8027
9 13 32.7943
9 14 47.0728
9 15 18.8113
9 16 15.9227
9 17 9.82819
9 18 38.0096
9 19 49.0212
10 11 9.92864
10 12 27.8783
10 13 38.3119
10 14 10.8251
10 15 18.0613
10 16 48.146
10 17 6.62187
10 18 24.0007
10 19 29.8245
11 12 17.4931
11 13 18.0872
11 14 19.1028
11 15 17.9049
11 16 14.5716
11 17 11.8197
11 18 46.2064
11 19 12.2962
12 13 4.02231
12 14 37.7461
12 15 5.70458
12 16 17.825
12 17 20.5405
12 18 2.77742
12 19 36.6363
13 14 12.6056
13 15 24.6459
13 16 35.4843
13 17 48.6725
13 18 34.5746
13 19 13.3626
14 15 45.3996
14 16 31.4239
14 17 35.1304
14 18 2.02151
14 19 5.42461
15 16 45.6743
15 17 22.9177
15 18 33.0422
15 19 14.7771
16 17 47.6138
16 18 26.5968
16 19 37.0291
17 18 8.74849
17 19 41.0514
18 19 14.4531
20 190 10
1 2 42.0861
1 3 33.7581
1 4 44.1931
1 5 19.6666
1 6 29.4347
1 7 47.7019
1 8 43.0315
1 9 24.2437
1 10 42.6183
1 11 28.0212
1 12 5.31138
1 13 23.3633
1 14 21.6021
1 15 38.275
1 16 37.7256
1 17 19.779
1 18 19.0598
1 19 39.6662
1 20 38.8631
2 3 30.4109
2 4 17.3661
2 5 20.4841
2 6 0.851066
2 7 47.5698
2 8 16.898
2 9 31.6631
2 10 1.60388
2 11 41.3808
2 12 31.5
2 13 30.6545
2 14 33.4669
2 15 15.2581
2 16 24.8476
2 17 3.13358
2 18 44.6928
2 19 22.5495
2 20 46.165
3 4 15.1678
3 5 24.1862
3 6 24.2479
3 7 38.5311
3 8 45.7884
3 9 12.523
3 10 26.2567
3 11 15.5674
3 12 31.5827
3 13 15.9229
3 14 4.4305
3 15 14.2555
3 16 46.3338
3 17 21.7966
3 18 34.7396
3 19 47.1849
3 20 19.3664
4 5 28.848
4 6 20.9703
4 7 43.0184
4 8 10.348
4 9 1.62477
4 10 26.4853
4 11 25.6061
4 12 26.4724
4 13 29.6189
4 14 20.2989
4 15 49.0219
4 16 25.784
4 17 39.2354
4 18 14.1897
4 19 49.9702
4 20 13.4834
5 6 45.7586
5 7 26.0063
5 8 28.9774
5 9 11.3259
5 10 7.58904
5 11 44.9003
5 12 15.7564
5 13 21.8445
5 14 41.2341
5 15 37.553
5 16 6.58412
5 17 38.419
5 18 6.91939
5 19 8.22171
5 20 17.267
6 7 1.24011
6 8 27.615
6 9 29.5144
6 10 27.7255
6 11 3.22102
6 12 5.98678
6 13 7.34437
6 14 23.5199
6 15 5.00864
6 16 33.1283
6 17 12.7553
6 18 19.1983
6 19 33.0985
6 20 26.2387
7 8 28.8571
7 9 2.24502
7 10 0.896444
7 11 40.183
7 12 9.83406
7 13 45.7968
7 14 5.93942
7 15 31.6786
7 16 37.0309
7 17 43.4924
7 18 38.2627
7 19 25.45
7 20 0.41181
8 9 42.717
8 10 28.3015
8 11 47.7245
8 12 20.3319
8 13 7.8159
8 14 25.45
8 15 23.5529
8 16 13.8027
8 17 32.7943
8 18 47.0728
8 19 18.8113
8 20 15.9227
9 10 38.0096
9 11 49.0212
9 12 36.0669
9 13 9.92864
9 14 27.8783
9 15 38.3119
9 16 10.8251
9 17 18.0613
9 18 48.146
9 19 6.62187
9 20 24.0007
10 11 43.6528
10 12 17.4931
10 13 18.0872
10 14 19.1028
10 15 17.9049
10 16 14.5716
10 17 11.8197
10 18 46.2064
10 19 12.2962
10 20 32.1516
11 12 37.7461
11 13 5.70458
11 14 17.825
11 15 20.5405
11 16 2.77742
11 17 36.6363
11 18 36.4631
11 19 12.6056
11 20 24.6459
12 13 48.6725
12 14 34.5746
12 15 13.3626
12 16 36.9844
12 17 45.3996
12 18 31.4239
12 19 35.1304
12 20 2.02151
13 14 14.9549
13 15 45.6743
13 16 22.9177
13 17 33.0422
13 18 14.7771
13 19 40.8227
13 20 47.6138
14 15 37.0291
14 16 9.90996
14 17 8.74849
14 18 41.0514
14 19 47.6561
14 20 14.4531
15 16 18.1965
15 17 17.2305
15 18 45.5127
15 19 4.65969
15 20 29.8361
16 17 40.144
16 18 28.5086
16 19 4.73316
16 20 3.50666
17 18 0.132806
17 19 34.9306
17 20 0.623399
18 19 40.3552
18 20 15.5783
19 20 13.2729
21 210 10
1 2 42.0861
1 3 33.7581
1 4 44.1931
1 5 19.6666
1 6 29.4347
1 7 47.7019
1 8 43.0315
1 9 24.2437
1 10 42.6183
1 11 28.0212
1 12 5.31138
1 13 23.3633
1 14 21.6021
1 15 38.275
1 16 37.7256
1 17 19.779
1 18 19.0598
1 19 39.6662
1 20 38.8631
1 21 32.6727
2 3 17.3661
2 4 20.4841
2 5 0.851066
2 6 47.5698
2 7 16.898
2 8 31.6631
2 9 1.60388
2 10 41.3808
2 11 31.5
2 12 30.6545
2 13 33.4669
2 14 15.2581
2 15 24.8476
2 16 3.13358
2 17 44.6928
2 18 22.5495
2 19 46.165
2 20 18.9365
2 21 15.1678
3 4 24.2479
3 5 38.5311
3 6 45.7884
3 7 12.523
3 8 26.2567
3 9 15.5674
3 10 31.5827
3 11 15.9229
3 12 4.4305
3 13 14.2555
3 14 46.3338
3 15 21.7966
3 16 34.7396
3 17 47.1849
3 18 19.3664
3 19 1.6376
3 20 28.848
3 21 20.9703
4 5 10.348
4 6 1.62477
4 7 26.4853
4 8 25.6061
4 9 26.4724
4 10 29.6189
4 11 20.2989
4 12 49.0219
4 13 25.784
4 14 39.2354
4 15 14.1897
4 16 49.9702
4 17 13.4834
4 18 2.72072
4 19 45.7586
4 20 26.0063
4 21 28.9774
5 6 7.58904
5 7 44.9003
5 8 15.7564
5 9 21.8445
5 10 41.2341
5 11 37.553
5 12 6.58412
5 13 38.419
5 14 6.91939
5 15 8.22171
5 16 17.267
5 17 27.8897
5 18 1.24011
5 19 27.615
5 20 29.5144
5 21 27.7255
6 7 5.98678
6 8 7.34437
6 9 23.5199
6 10 5.00864
6 11 33.1283
6 12 12.7553
6 13 19.1983
6 14 33.0985
6 15 26.2387
6 16 21.919
6 17 28.8571
6 18 2.24502
6 19 0.896444
6 20 40.183
6 21 9.83406
7 8 5.93942
7 9 31.6786
7 10 37.0309
7 11 43.4924
7 12 38.2627
7 13 25.45
7 14 0.41181
7 15 46.4844
7 16 42.717
7 17 28.3015
7 18 47.7245
7 19 20.3319
7 20 7.8159
7 21 25.45
8 9 13.8027
8 10 32.7943
8 11 47.0728
8 12 18.8113
8 13 15.9227
8 14 9.82819
8 15 38.0096
8 16 49.0212
8 17 36.0669
8 18 9.92864
8 19 27.8783
8 20 38.3119
8 21 10.8251
9 10 48.146
9 11 6.62187
9 12 24.0007
9 13 29.8245
9 14 43.6528
9 15 17.4931
9 16 18.0872
9 17 19.1028
9 18 17.9049
9 19 14.5716
9 20 11.8197
9 21 46.2064
10 11 32.1516
10 12 4.02231
10 13 37.7461
10 14 5.70458
10 15 17.825
10 16 20.5405
10 17 2.77742
10 18 36.6363
10 19 36.4631
10 20 12.6056
10 21 24.6459
11 12 48.6725
11 13 34.5746
11 14 13.3626
11 15 36.9844
11 16 45.3996
11 17 31.4239
11 18 35.1304
11 19 2.02151
11 20 5.42461
11 21 14.9549
12 13 22.9177
12 14 33.0422
12 15 14.7771
12 16 40.8227
12 17 47.6138
12 18 26.5968
12 19 37.0291
12 20 9.90996
12 21 8.74849
13 14 47.6561
13 15 14.4531
13 16 8.87638
13 17 18.1965
13 18 17.2305
13 19 45.5127
13 20 4.65969
13 21 29.8361
14 15 40.144
14 16 28.5086
14 17 4.73316
14 18 3.50666
14 19 15.493
14 20 0.132806
14 21 34.9306
15 16 2.15432
15 17 40.3552
15 18 15.5783
15 19 47.8287
15 20 13.2729
15 21 48.6205
16 17 4.0956
16 18 46.2343
16 19 39.2026
16 20 41.1247
16 21 6.14426
17 18 32.1761
17 19 3.80034
17 20 12.4042
17 21 41.0524
18 19 29.6346
18 20 36.5651
18 21 26.6566
19 20 6.72373
19 21 16.8006
20 21 11.4569
0
