13 78 1
1 2 29.5917
1 3 32.6635
1 4 19.0392
1 5 4.89967
1 6 47.7622
1 7 27.4939
1 8 34.8152
1 9 18.5563
1 10 23.843
1 11 48.2344
1 12 34.0306
1 13 34.7009
2 3 22.7327
2 4 5.55802
2 5 48.6878
2 6 6.31976
2 7 23.7363
2 8 42.8541
2 9 47.1648
2 10 1.9906
2 11 16.3463
2 12 47.6821
2 13 29.4064
3 4 31.5979
3 5 23.5491
3 6 5.84379
3 7 10.8559
3 8 12.2556
3 9 13.616
3 10 40.4476
3 11 44.9192
3 12 32.6553
3 13 45.3473
4 5 10.1491
4 6 30.1625
4 7 11.2377
4 8 33.9921
4 9 28.3969
4 10 45.2683
4 11 18.693
4 12 12.6859
4 13 18.001
5 6 11.3737
5 7 24.3208
5 8 47.9874
5 9 4.22778
5 10 21.4855
5 11 49.978
5 12 20.5741
5 13 19.1676
6 7 43.9356
6 8 0.765544
6 9 2.93346
6 10 49.7794
6 11 11.6215
6 12 15.1891
6 13 13.3955
7 8 10.1083
7 9 46.0508
7 10 47.4163
7 11 2.78972
7 12 6.1999
7 13 27.5788
8 9 40.192
8 10 5.97567
8 11 9.29575
8 12 8.88504
8 13 18.6616
9 10 33.1361
9 11 30.0353
9 12 1.61754
9 13 31.1234
10 11 23.1031
10 12 31.1014
10 13 4.83724
11 12 10.4857
11 13 48.7729
12 13 13.4192
13 78 2
1 2 29.5917
1 3 32.6635
1 4 19.0392
1 5 4.89967
1 6 47.7622
1 7 27.4939
1 8 34.8152
1 9 18.5563
1 10 23.843
1 11 48.2344
1 12 34.0306
1 13 34.7009
2 3 22.7327
2 4 5.55802
2 5 48.6878
2 6 6.31976
2 7 23.7363
2 8 42.8541
2 9 47.1648
2 10 1.9906
2 11 16.3463
2 12 47.6821
2 13 29.4064
3 4 31.5979
3 5 23.5491
3 6 5.84379
3 7 10.8559
3 8 12.2556
3 9 13.616
3 10 40.4476
3 11 44.9192
3 12 32.6553
3 13 45.3473
4 5 10.1491
4 6 30.1625
4 7 11.2377
4 8 33.9921
4 9 28.3969
4 10 45.2683
4 11 18.693
4 12 12.6859
4 13 18.001
5 6 11.3737
5 7 24.3208
5 8 47.9874
5 9 4.22778
5 10 21.4855
5 11 49.978
5 12 20.5741
5 13 19.1676
6 7 43.9356
6 8 0.765544
6 9 2.93346
6 10 49.7794
6 11 11.6215
6 12 15.1891
6 13 13.3955
7 8 10.1083
7 9 46.0508
7 10 47.4163
7 11 2.78972
7 12 6.1999
7 13 27.5788
8 9 40.192
8 10 5.97567
8 11 9.29575
8 12 8.88504
8 13 18.6616
9 10 33.1361
9 11 30.0353
9 12 1.61754
9 13 31.1234
10 11 23.1031
10 12 31.1014
10 13 4.83724
11 12 10.4857
11 13 48.7729
12 13 13.4192
13 78 3
1 2 29.5917
1 3 32.6635
1 4 19.0392
1 5 4.89967
1 6 47.7622
1 7 27.4939
1 8 34.8152
1 9 18.5563
1 10 23.843
1 11 48.2344
1 12 34.0306
1 13 34.7009
2 3 22.7327
2 4 5.55802
2 5 48.6878
2 6 6.31976
2 7 23.7363
2 8 42.8541
2 9 47.1648
2 10 1.9906
2 11 16.3463
2 12 47.6821
2 13 29.4064
3 4 31.5979
3 5 23.5491
3 6 5.84379
3 7 10.8559
3 8 12.2556
3 9 13.616
3 10 40.4476
3 11 44.9192
3 12 32.6553
3 13 45.3473
4 5 10.1491
4 6 30.1625
4 7 11.2377
4 8 33.9921
4 9 28.3969
4 10 45.2683
4 11 18.693
4 12 12.6859
4 13 18.001
5 6 11.3737
5 7 24.3208
5 8 47.9874
5 9 4.22778
5 10 21.4855
5 11 49.978
5 12 20.5741
5 13 19.1676
6 7 43.9356
6 8 0.765544
6 9 2.93346
6 10 49.7794
6 11 11.6215
6 12 15.1891
6 13 13.3955
7 8 10.1083
7 9 46.0508
7 10 47.4163
7 11 2.78972
7 12 6.1999
7 13 27.5788
8 9 40.192
8 10 5.97567
8 11 9.29575
8 12 8.88504
8 13 18.6616
9 10 33.1361
9 11 30.0353
9 12 1.61754
9 13 31.1234
10 11 23.1031
10 12 31.1014
10 13 4.83724
11 12 10.4857
11 13 48.7729
12 13 13.4192
13 78 4
1 2 29.5917
1 3 32.6635
1 4 19.0392
1 5 4.89967
1 6 47.7622
1 7 27.4939
1 8 34.8152
1 9 18.5563
1 10 23.843
1 11 48.2344
1 12 34.0306
1 13 34.7009
2 3 22.7327
2 4 5.55802
2 5 48.6878
2 6 6.31976
2 7 23.7363
2 8 42.8541
2 9 47.1648
2 10 1.9906
2 11 16.3463
2 12 47.6821
2 13 29.4064
3 4 31.5979
3 5 23.5491
3 6 5.84379
3 7 10.8559
3 8 12.2556
3 9 13.616
3 10 40.4476
3 11 44.9192
3 12 32.6553
3 13 45.3473
4 5 10.1491
4 6 30.1625
4 7 11.2377
4 8 33.9921
4 9 28.3969
4 10 45.2683
4 11 18.693
4 12 12.6859
4 13 18.001
5 6 11.3737
5 7 24.3208
5 8 47.9874
5 9 4.22778
5 10 21.4855
5 11 49.978
5 12 20.5741
5 13 19.1676
6 7 43.9356
6 8 0.765544
6 9 2.93346
6 10 49.7794
6 11 11.6215
6 12 15.1891
6 13 13.3955
7 8 10.1083
7 9 46.0508
7 10 47.4163
7 11 2.78972
7 12 6.1999
7 13 27.5788
8 9 40.192
8 10 5.97567
8 11 9.29575
8 12 8.88504
8 13 18.6616
9 10 33.1361
9 11 30.0353
9 12 1.61754
9 13 31.1234
10 11 23.1031
10 12 31.1014
10 13 4.83724
11 12 10.4857
11 13 48.7729
12 13 13.4192
13 78 5
1 2 29.5917
1 3 32.6635
1 4 19.0392
1 5 4.89967
1 6 47.7622
1 7 27.4939
1 8 34.8152
1 9 18.5563
1 10 23.843
1 11 48.2344
1 12 34.0306
1 13 34.7009
2 3 22.7327
2 4 5.55802
2 5 48.6878
2 6 6.31976
2 7 23.7363
2 8 42.8541
2 9 47.1648
2 10 1.9906
2 11 16.3463
2 12 47.6821
2 13 29.4064
3 4 31.5979
3 5 23.5491
3 6 5.84379
3 7 10.8559
3 8 12.2556
3 9 13.616
3 10 40.4476
3 11 44.9192
3 12 32.6553
3 13 45.3473
4 5 10.1491
4 6 30.1625
4 7 11.2377
4 8 33.9921
4 9 28.3969
4 10 45.2683
4 11 18.693
4 12 12.6859
4 13 18.001
5 6 11.3737
5 7 24.3208
5 8 47.9874
5 9 4.22778
5 10 21.4855
5 11 49.978
5 12 20.5741
5 13 19.1676
6 7 43.9356
6 8 0.765544
6 9 2.93346
6 10 49.7794
6 11 11.6215
6 12 15.1891
6 13 13.3955
7 8 10.1083
7 9 46.0508
7 10 47.4163
7 11 2.78972
7 12 6.1999
7 13 27.5788
8 9 40.192
8 10 5.97567
8 11 9.29575
8 12 8.88504
8 13 18.6616
9 10 33.1361
9 11 30.0353
9 12 1.61754
9 13 31.1234
10 11 23.1031
10 12 31.1014
10 13 4.83724
11 12 10.4857
11 13 48.7729
12 13 13.4192
13 78 6
1 2 29.5917
1 3 32.6635
1 4 19.0392
1 5 4.89967
1 6 47.7622
1 7 27.4939
1 8 34.8152
1 9 18.5563
1 10 23.843
1 11 48.2344
1 12 34.0306
1 13 34.7009
2 3 22.7327
2 4 5.55802
2 5 48.6878
2 6 6.31976
2 7 23.7363
2 8 42.8541
2 9 47.1648
2 10 1.9906
2 11 16.3463
2 12 47.6821
2 13 29.4064
3 4 31.5979
3 5 23.5491
3 6 5.84379
3 7 10.8559
3 8 12.2556
3 9 13.616
3 10 40.4476
3 11 44.9192
3 12 32.6553
3 13 45.3473
4 5 10.1491
4 6 30.1625
4 7 11.2377
4 8 33.9921
4 9 28.3969
4 10 45.2683
4 11 18.693
4 12 12.6859
4 13 18.001
5 6 11.3737
5 7 24.3208
5 8 47.9874
5 9 4.22778
5 10 21.4855
5 11 49.978
5 12 20.5741
5 13 19.1676
6 7 43.9356
6 8 0.765544
6 9 2.93346
6 10 49.7794
6 11 11.6215
6 12 15.1891
6 13 13.3955
7 8 10.1083
7 9 46.0508
7 10 47.4163
7 11 2.78972
7 12 6.1999
7 13 27.5788
8 9 40.192
8 10 5.97567
8 11 9.29575
8 12 8.88504
8 13 18.6616
9 10 33.1361
9 11 30.0353
9 12 1.61754
9 13 31.1234
10 11 23.1031
10 12 31.1014
10 13 4.83724
11 12 10.4857
11 13 48.7729
12 13 13.4192
13 78 7
1 2 29.5917
1 3 32.6635
1 4 19.0392
1 5 4.89967
1 6 47.7622
1 7 27.4939
1 8 34.8152
1 9 18.5563
1 10 23.843
1 11 48.2344
1 12 34.0306
1 13 34.7009
2 3 22.7327
2 4 5.55802
2 5 48.6878
2 6 6.31976
2 7 23.7363
2 8 42.8541
2 9 47.1648
2 10 1.9906
2 11 16.3463
2 12 47.6821
2 13 29.4064
3 4 31.5979
3 5 23.5491
3 6 5.84379
3 7 10.8559
3 8 12.2556
3 9 13.616
3 10 40.4476
3 11 44.9192
3 12 32.6553
3 13 45.3473
4 5 10.1491
4 6 30.1625
4 7 11.2377
4 8 33.9921
4 9 28.3969
4 10 45.2683
4 11 18.693
4 12 12.6859
4 13 18.001
5 6 11.3737
5 7 24.3208
5 8 47.9874
5 9 4.22778
5 10 21.4855
5 11 49.978
5 12 20.5741
5 13 19.1676
6 7 43.9356
6 8 0.765544
6 9 2.93346
6 10 49.7794
6 11 11.6215
6 12 15.1891
6 13 13.3955
7 8 10.1083
7 9 46.0508
7 10 47.4163
7 11 2.78972
7 12 6.1999
7 13 27.5788
8 9 40.192
8 10 5.97567
8 11 9.29575
8 12 8.88504
8 13 18.6616
9 10 33.1361
9 11 30.0353
9 12 1.61754
9 13 31.1234
10 11 23.1031
10 12 31.1014
10 13 4.83724
11 12 10.4857
11 13 48.7729
12 13 13.4192
13 78 8
1 2 29.5917
1 3 32.6635
1 4 19.0392
1 5 4.89967
1 6 47.7622
1 7 27.4939
1 8 34.8152
1 9 18.5563
1 10 23.843
1 11 48.2344
1 12 34.0306
1 13 34.7009
2 3 22.7327
2 4 5.55802
2 5 48.6878
2 6 6.31976
2 7 23.7363
2 8 42.8541
2 9 47.1648
2 10 1.9906
2 11 16.3463
2 12 47.6821
2 13 29.4064
3 4 31.5979
3 5 23.5491
3 6 5.84379
3 7 10.8559
3 8 12.2556
3 9 13.616
3 10 40.4476
3 11 44.9192
3 12 32.6553
3 13 45.3473
4 5 10.1491
4 6 30.1625
4 7 11.2377
4 8 33.9921
4 9 28.3969
4 10 45.2683
4 11 18.693
4 12 12.6859
4 13 18.001
5 6 11.3737
5 7 24.3208
5 8 47.9874
5 9 4.22778
5 10 21.4855
5 11 49.978
5 12 20.5741
5 13 19.1676
6 7 43.9356
6 8 0.765544
6 9 2.93346
6 10 49.7794
6 11 11.6215
6 12 15.1891
6 13 13.3955
7 8 10.1083
7 9 46.0508
7 10 47.4163
7 11 2.78972
7 12 6.1999
7 13 27.5788
8 9 40.192
8 10 5.97567
8 11 9.29575
8 12 8.88504
8 13 18.6616
9 10 33.1361
9 11 30.0353
9 12 1.61754
9 13 31.1234
10 11 23.1031
10 12 31.1014
10 13 4.83724
11 12 10.4857
11 13 48.7729
12 13 13.4192
13 78 9
1 2 29.5917
1 3 32.6635
1 4 19.0392
1 5 4.89967
1 6 47.7622
1 7 27.4939
1 8 34.8152
1 9 18.5563
1 10 23.843
1 11 48.2344
1 12 34.0306
1 13 34.7009
2 3 22.7327
2 4 5.55802
2 5 48.6878
2 6 6.31976
2 7 23.7363
2 8 42.8541
2 9 47.1648
2 10 1.9906
2 11 16.3463
2 12 47.6821
2 13 29.4064
3 4 31.5979
3 5 23.5491
3 6 5.84379
3 7 10.8559
3 8 12.2556
3 9 13.616
3 10 40.4476
3 11 44.9192
3 12 32.6553
3 13 45.3473
4 5 10.1491
4 6 30.1625
4 7 11.2377
4 8 33.9921
4 9 28.3969
4 10 45.2683
4 11 18.693
4 12 12.6859
4 13 18.001
5 6 11.3737
5 7 24.3208
5 8 47.9874
5 9 4.22778
5 10 21.4855
5 11 49.978
5 12 20.5741
5 13 19.1676
6 7 43.9356
6 8 0.765544
6 9 2.93346
6 10 49.7794
6 11 11.6215
6 12 15.1891
6 13 13.3955
7 8 10.1083
7 9 46.0508
7 10 47.4163
7 11 2.78972
7 12 6.1999
7 13 27.5788
8 9 40.192
8 10 5.97567
8 11 9.29575
8 12 8.88504
8 13 18.6616
9 10 33.1361
9 11 30.0353
9 12 1.61754
9 13 31.1234
10 11 23.1031
10 12 31.1014
10 13 4.83724
11 12 10.4857
11 13 48.7729
12 13 13.4192
13 78 10
1 2 29.5917
1 3 32.6635
1 4 19.0392
1 5 4.89967
1 6 47.7622
1 7 27.4939
1 8 34.8152
1 9 18.5563
1 10 23.843
1 11 48.2344
1 12 34.0306
1 13 34.7009
2 3 22.7327
2 4 5.55802
2 5 48.6878
2 6 6.31976
2 7 23.7363
2 8 42.8541
2 9 47.1648
2 10 1.9906
2 11 16.3463
2 12 47.6821
2 13 29.4064
3 4 31.5979
3 5 23.5491
3 6 5.84379
3 7 10.8559
3 8 12.2556
3 9 13.616
3 10 40.4476
3 11 44.9192
3 12 32.6553
3 13 45.3473
4 5 10.1491
4 6 30.1625
4 7 11.2377
4 8 33.9921
4 9 28.3969
4 10 45.2683
4 11 18.693
4 12 12.6859
4 13 18.001
5 6 11.3737
5 7 24.3208
5 8 47.9874
5 9 4.22778
5 10 21.4855
5 11 49.978
5 12 20.5741
5 13 19.1676
6 7 43.9356
6 8 0.765544
6 9 2.93346
6 10 49.7794
6 11 11.6215
6 12 15.1891
6 13 13.3955
7 8 10.1083
7 9 46.0508
7 10 47.4163
7 11 2.78972
7 12 6.1999
7 13 27.5788
8 9 40.192
8 10 5.97567
8 11 9.29575
8 12 8.88504
8 13 18.6616
9 10 33.1361
9 11 30.0353
9 12 1.61754
9 13 31.1234
10 11 23.1031
10 12 31.1014
10 13 4.83724
11 12 10.4857
11 13 48.7729
12 13 13.4192
13 78 11
1 2 29.5917
1 3 32.6635
1 4 19.0392
1 5 4.89967
1 6 47.7622
1 7 27.4939
1 8 34.8152
1 9 18.5563
1 10 23.843
1 11 48.2344
1 12 34.0306
1 13 34.7009
2 3 22.7327
2 4 5.55802
2 5 48.6878
2 6 6.31976
2 7 23.7363
2 8 42.8541
2 9 47.1648
2 10 1.9906
2 11 16.3463
2 12 47.6821
2 13 29.4064
3 4 31.5979
3 5 23.5491
3 6 5.84379
3 7 10.8559
3 8 12.2556
3 9 13.616
3 10 40.4476
3 11 44.9192
3 12 32.6553
3 13 45.3473
4 5 10.1491
4 6 30.1625
4 7 11.2377
4 8 33.9921
4 9 28.3969
4 10 45.2683
4 11 18.693
4 12 12.6859
4 13 18.001
5 6 11.3737
5 7 24.3208
5 8 47.9874
5 9 4.22778
5 10 21.4855
5 11 49.978
5 12 20.5741
5 13 19.1676
6 7 43.9356
6 8 0.765544
6 9 2.93346
6 10 49.7794
6 11 11.6215
6 12 15.1891
6 13 13.3955
7 8 10.1083
7 9 46.0508
7 10 47.4163
7 11 2.78972
7 12 6.1999
7 13 27.5788
8 9 40.192
8 10 5.97567
8 11 9.29575
8 12 8.88504
8 13 18.6616
9 10 33.1361
9 11 30.0353
9 12 1.61754
9 13 31.1234
10 11 23.1031
10 12 31.1014
10 13 4.83724
11 12 10.4857
11 13 48.7729
12 13 13.4192
13 78 12
1 2 29.5917
1 3 32.6635
1 4 19.0392
1 5 4.89967
1 6 47.7622
1 7 27.4939
1 8 34.8152
1 9 18.5563
1 10 23.843
1 11 48.2344
1 12 34.0306
1 13 34.7009
2 3 22.7327
2 4 5.55802
2 5 48.6878
2 6 6.31976
2 7 23.7363
2 8 42.8541
2 9 47.1648
2 10 1.9906
2 11 16.3463
2 12 47.6821
2 13 29.4064
3 4 31.5979
3 5 23.5491
3 6 5.84379
3 7 10.8559
3 8 12.2556
3 9 13.616
3 10 40.4476
3 11 44.9192
3 12 32.6553
3 13 45.3473
4 5 10.1491
4 6 30.1625
4 7 11.2377
4 8 33.9921
4 9 28.3969
4 10 45.2683
4 11 18.693
4 12 12.6859
4 13 18.001
5 6 11.3737
5 7 24.3208
5 8 47.9874
5 9 4.22778
5 10 21.4855
5 11 49.978
5 12 20.5741
5 13 19.1676
6 7 43.9356
6 8 0.765544
6 9 2.93346
6 10 49.7794
6 11 11.6215
6 12 15.1891
6 13 13.3955
7 8 10.1083
7 9 46.0508
7 10 47.4163
7 11 2.78972
7 12 6.1999
7 13 27.5788
8 9 40.192
8 10 5.97567
8 11 9.29575
8 12 8.88504
8 13 18.6616
9 10 33.1361
9 11 30.0353
9 12 1.61754
9 13 31.1234
10 11 23.1031
10 12 31.1014
10 13 4.83724
11 12 10.4857
11 13 48.7729
12 13 13.4192
13 78 13
1 2 29.5917
1 3 32.6635
1 4 19.0392
1 5 4.89967
1 6 47.7622
1 7 27.4939
1 8 34.8152
1 9 18.5563
1 10 23.843
1 11 48.2344
1 12 34.0306
1 13 34.7009
2 3 22.7327
2 4 5.55802
2 5 48.6878
2 6 6.31976
2 7 23.7363
2 8 42.8541
2 9 47.1648
2 10 1.9906
2 11 16.3463
2 12 47.6821
2 13 29.4064
3 4 31.5979
3 5 23.5491
3 6 5.84379
3 7 10.8559
3 8 12.2556
3 9 13.616
3 10 40.4476
3 11 44.9192
3 12 32.6553
3 13 45.3473
4 5 10.1491
4 6 30.1625
4 7 11.2377
4 8 33.9921
4 9 28.3969
4 10 45.2683
4 11 18.693
4 12 12.6859
4 13 18.001
5 6 11.3737
5 7 24.3208
5 8 47.9874
5 9 4.22778
5 10 21.4855
5 11 49.978
5 12 20.5741
5 13 19.1676
6 7 43.9356
6 8 0.765544
6 9 2.93346
6 10 49.7794
6 11 11.6215
6 12 15.1891
6 13 13.3955
7 8 10.1083
7 9 46.0508
7 10 47.4163
7 11 2.78972
7 12 6.1999
7 13 27.5788
8 9 40.192
8 10 5.97567
8 11 9.29575
8 12 8.88504
8 13 18.6616
9 10 33.1361
9 11 30.0353
9 12 1.61754
9 13 31.1234
10 11 23.1031
10 12 31.1014
10 13 4.83724
11 12 10.4857
11 13 48.7729
12 13 13.4192
0
