0
0
4
2
6
5
10
6
11
15
38
25
16
12
16
16
28
15
26
17
26
14
33
32
33
25
29
34
26
34
28
32
27
23
33
16
31
25
17
17
20
26
32
24
33
17
24
21
22
22
25
25
19
18
23
21
17
24
24
19
27
19
30
23
28
24
23
18
30
29
27
28
24
20
31
31
22
24
25
26
27
20
27
15
29
21
26
19
25
15
0
0
4
2
6
5
10
6
11
15
38
25
16
12
16
16
28
22
27
17
26
14
33
29
35
33
31
35
28
33
31
36
28
27
33
16
35
27
14
20
25
27
33
22
39
18
26
26
21
25
25
29
22
19
28
24
16
29
25
26
31
22
29
24
29
25
27
18
35
27
31
26
26
24
33
34
26
26
28
35
27
25
26
17
27
26
26
20
30
11
33
