0.262
0.864
2.109
3.457
11.081
6.843
13.533
13.381
29.19
40.912
75.259
80.41
101.158
166.691
216.215
204.624
364.396
295.961
915.784
396.881
735.839
533.907
1040.61
886.88
1533.88
1375.12
3193.43
2806.97
3456.06
2880.27
6308.02
2890.26
3608.18
6006.06
5889.3
7348.28
9950.3
5381.81
6508.93
8432.48
8097.49
8043.36
8842.52
14444
18049.5
21908.6
16085.1
11534.9
23855.5
10862.2
20699.5
15941.1
34105
22865.9
21835
31273.4
38679.5
23061.6
32679.2
24184.9
38648
45292
40066.7
60125
58323.5
31589.5
45193.3
52615.9
85922.1
62181.8
93304.8
55969.6
53164.9
52952.9
94919.5
61570.6
103948
78920.4
113444
71927.8
104174
205427
112704
134054
152146
240859
225133
184921
145751
138420
0.052
0.125
0.284
0.437
1.276
2.359
6.631
3.848
5.929
11.578
14.357
20.501
33.692
31.056
40.34
36.417
133.501
79.256
114.971
91.051
114.64
207.421
162.193
226.773
427.296
481.058
630.618
447.156
599.157
874.127
610.174
548.272
842.963
824.036
1282.14
915.067
1401.4
1634.02
1502.28
1355.63
1833.94
2512.95
2774.01
3192.42
3529.45
3279.19
3555.92
4450.36
3937.28
2625.2
6847.16
5285.9
8341.49
10389.8
5329.95
5424.05
6227.81
6941.2
9054.88
6239.44
13387.8
7495.03
16362
10663.2
14501.1
12587.3
19004
13685.7
11862.7
12725.6
13230.4
19232.9
9430.54
12295.8
26179.1
16667.3
17416.5
19328.3
21849.4
17586.3
21644.3
16318.3
33441
31055.6
20332.9
44560.4
30934.8
39371.3
25953.7
32689.8
30209.4
