0
0
0
0
0
0
0
0
0
0
0
0
0
0
0
0
0
0
0
0
0
0
0
0
0
0
0
0
0
0
0
0
0
0
0
0
0
0
0
0
0
0
0
0
0
0
0
0
0
0
0
0
0
0
0
0
0
0
0
0
0
0
0
0
0
0
0
0
0
0
0
0
0
0
0
0
0
0
0
0
0
0
0
0
0
0
0
5
0
11
35
1
0
41
0
18
29
29
42
45
5
38
39
22
67
103
28
83
85
47
115
91
75
148
70
86
165
153
88
157
202
220
198
268
205
240
296
166
233
339
361
271
279
306
303
436
421
480
386
472
464
524
506
373
556
630
522
544
454
592
606
646
641
598
760
783
632
775
694
943
842
894
871
828
947
948
852
1240
890
944
1089
1124
1272
1306
1110
1239
1153
1151
1406
1492
1492
1406
1520
1389
1555
1608
1476
1541
1689
1576
1743
1713
1805
1710
1919
1996
1662
2048
1979
2013
1879
2134
2197
2213
2268
2387
2482
2405
2185
2340
2325
2487
2414
2696
2633
2476
2768
2832
2961
2890
2912
2793
3210
2904
3282
3075
3294
3407
3519
3539
3558
3522
3458
3727
3977
3794
3806
3986
4200
4026
4068
4261
4147
4493
4148
3952
4558
4358
4721
4677
4429
4631
4779
4740
4780
4978
5312
5547
5374
5429
5634
5298
5485
5843
5897
5893
6152
5748
5930
5824
5997
5765
5952
6033
6284
6126
6304
6462
6537
6504
6785
6628
6731
6954
6978
7190
7324
6957
6752
7187
7371
7240
7432
7645
7791
7054
7408
7496
