0.016
0.018
0.047
0.076
0.082
0.114
0.122
0.153
0.162
0.193
0.199
0.265
0.257
0.278
0.285
0.327
0.334
0.36
0.361
0.421
0.249
0.22
0.22
0.237
0.245
0.262
0.293
0.297
0.323
0.323
0.316
0.366
0.341
0.376
0.411
0.446
0.471
0.47
0.454
0.5
0.516
0.505
0.496
0.493
0.552
0.571
0.539
0.603
0.568
0.589
0.673
0.622
0.632
0.649
0.742
0.75
0.787
0.78
0.786
0.866
0.763
0.783
0.794
0.88
0.858
0.951
1.044
1.067
0.987
0.946
0.999
0.964
1.017
1.138
1.021
1.133
1.079
1.099
1.12
1.118
1.272
1.159
1.223
1.192
1.318
1.242
1.367
1.275
1.311
1.429
1.346
1.493
1.509
1.416
1.499
1.455
1.727
1.654
1.52
1.55
1.62
1.68
1.611
1.637
1.825
1.782
1.778
1.732
1.756
1.999
2.041
1.846
1.87
1.894
2.002
1.961
2.117
2.016
2.135
2.216
2.191
2.177
2.408
2.224
2.3
2.524
2.229
2.289
2.392
2.31
2.559
2.447
2.545
2.522
2.642
2.69
2.598
2.583
2.688
2.703
2.878
2.634
2.815
2.879
2.762
2.87
2.844
3.154
2.942
2.935
3.022
3.082
3.201
3.009
3.117
3.187
3.086
3.347
3.147
3.189
3.375
3.362
3.785
3.743
3.619
3.439
3.505
3.719
3.477
3.667
4.068
4.066
3.779
4.102
3.707
3.739
4.223
3.855
4.059
4.347
3.968
4.088
4.058
4.304
4.144
4.242
4.315
4.183
4.295
4.212
4.761
4.376
4.315
4.42
4.473
4.727
4.587
4.633
4.536
4.688
4.892
4.966
5.23
4.884
5.193
5.169
5.002
5.001
5.139
5.404
5.146
5.38
5.42
5.475
5.333
5.385
5.353
5.426
5.647
5.487
5.649
5.588
5.523
5.569
5.752
5.946
5.985
6.001
6.016
5.902
6.005
6.145
5.925
6.151
6.505
6.304
6.136
6.358
6.499
6.355
6.824
6.664
6.518
6.555
6.725
6.942
6.868
6.818
7.05
6.9
6.938
7.408
7.53
7.25
7.321
7.189
7.231
7.109
7.496
7.382
7.303
7.481
7.402
7.843
7.63
7.563
7.6
7.554
7.651
7.79
7.809
7.732
8.126
7.893
7.784
8.021
8.087
8.243
8.229
8.311
8.441
8.383
8.402
8.391
8.559
8.505
8.547
8.473
8.781
8.731
8.641
8.834
8.981
9.014
9.13
9.066
9.083
9.143
