0.523
0.927
1.686
1.142
2.486
2.777
5.035
3.959
7.732
7.951
10.154
18.325
18.998
16.393
28.163
18.626
61.48
45.955
49.026
53.657
64.354
50.975
59.79
63.392
138.101
113.119
131.755
84.537
201.818
124.694
171.862
197.491
179.672
237.737
154.423
182.371
212.388
170.831
462.396
327.262
245.009
265.679
279.095
312.106
352.501
300.021
299.797
300.898
482.162
750.219
306.881
769.565
450.034
456.385
600.67
891.517
1009.37
855.748
488.807
990.866
961.903
1272.57
720.067
957.046
902.281
698.667
1893.78
872.444
1902.07
1591.78
2418.17
1531.47
1850.96
2037.15
1154.36
1868.23
2503.42
1081.15
1270.54
2402.57
2706.97
1499.73
1626.62
2144.83
1548.79
2505.67
1488.58
2030.06
2497.2
3570.76
2907.88
3002.91
1838.6
5095.01
2275.76
2323.86
2079.42
1857.65
5068.97
3661.94
