0.007
0.029
0.026
0.164
0.169
0.334
0.454
0.462
0.604
0.616
0.63
0.779
0.964
0.97
0.42
0.426
0.431
0.463
0.5
0.504
0.557
0.561
0.679
0.627
0.632
0.74
0.735
0.791
0.867
0.884
1.035
0.943
0.968
0.994
0.981
1.098
1.073
1.08
1.107
1.129
1.215
1.231
1.239
1.25
1.316
1.408
1.61
1.428
1.475
1.541
1.547
1.59
1.573
1.582
1.793
1.915
1.785
1.834
1.895
1.811
1.99
1.953
1.91
2.129
2.069
2
2.11
2.07
2.124
2.152
2.395
2.405
2.289
2.44
2.309
2.471
2.561
2.425
2.584
2.617
2.631
2.981
2.768
2.743
2.86
3.114
2.996
2.852
2.944
3.09
3.223
3.058
3.043
3.232
3.279
3.157
3.28
3.403
3.294
3.299
3.443
3.684
3.458
3.563
3.78
3.597
3.71
3.764
3.836
3.833
3.871
3.814
4.022
3.982
3.959
4.087
4.43
4.173
4.21
4.462
4.408
4.753
4.362
4.552
4.426
4.438
5.017
4.762
4.68
4.643
4.882
4.92
4.944
4.921
4.85
5.25
5.073
5.161
5.117
5.279
5.17
5.342
5.329
5.371
5.414
5.425
5.376
5.478
6.178
5.554
5.825
6.468
5.937
6.019
5.917
6.257
5.893
6.437
7.004
6.501
6.223
6.576
6.228
6.481
6.606
6.64
6.48
6.452
7.108
6.653
6.602
7.027
6.856
6.943
6.946
7.482
7.082
7.213
7.546
7.171
7.459
7.258
7.402
7.39
7.435
8.013
7.996
7.697
7.661
7.698
7.854
7.77
8.478
8.265
8.51
8.634
8.419
8.159
8.514
8.551
8.475
8.673
8.736
8.495
9.021
8.838
8.781
8.929
8.925
9.487
9.247
9.605
9.296
9.254
9.536
9.604
9.68
10.007
10.114
10.169
9.644
9.982
9.825
10.51
10.447
10.687
10.214
10.253
10.985
11.313
10.147
10.833
10.266
10.301
10.445
11.04
10.96
10.492
12.229
11.019
12.751
11.885
12.021
12.137
11.952
11.611
12.582
12.891
13.06
12.979
12.931
11.62
11.683
11.742
11.807
12.533
11.755
12.014
12.907
12.831
13.054
12.971
12.948
13.022
12.92
12.543
13.022
13.206
12.51
12.585
14.258
14.384
13.475
13.146
13.034
12.995
13.167
13.205
14.283
13.164
13.557
13.323
13.48
13.652
14.103
13.634
13.82
13.971
13.834
14.206
14.879
14.166
14.187
14.42
14.288
14.887
14.985
14.578
14.586
