0.481
0.921
2.03
1.267
2.079
2.588
3.885
3.415
6.818
6.815
8.994
10.307
12.142
13.939
20.436
17.195
27.737
27.921
33.796
33.507
38.143
42.657
75.733
49.228
101.488
124.105
155.319
76.777
88.22
87.473
157.103
160.441
203.533
191.175
194.74
174.049
271.268
244.387
348.249
229.828
527.191
362.494
224.576
572.514
342.264
309.786
434.148
282.109
339.889
472.817
307.864
379.117
747.733
630.945
723.135
394.73
1315.42
895.982
597.584
600.114
772.933
757.333
997.875
1513.71
1005.58
1108.15
892.981
2337.17
1501.93
982.596
1015.65
864.913
1685.6
2288.83
1819.51
2554.14
2169.47
2187.2
1642.71
1785.51
1574.27
3106.23
1397.07
2131.8
2822.6
3481.83
4880.99
1733.3
2792
4009.97
1862.71
3069.7
3557.02
4219.19
3197.35
1697.45
1904.41
1919.4
4113.77
2752.83
